01000012
01000042
01000048
01000052
01000053
01000065
01000067
01000984
01000992
01000994
01000997
01000999
01001011
01001026
01001028
01001056
01001059
01001136
01001137
01001168
01001169
01001216
01001224
01001251
01001252
01001256
01001311
01001335
01001345
01001346
01001354
01001359
01001360
01001362
01001363
01001364
01001368
01001372
01001374
01001376
01001377
01001380
01001381
01001383
01001385
01001386
01001387
01001389
01001392
01001396
01001408
01001409
01001413
01001415
01001418
01001419
01001428
01001430
01001435
01001443
01001444
01001445
01001446
01001447
01001448
01001449
01001450
01001451
01001452
01001463
01001464
01001465
01001468
01001472
01001540
01001541
01001542
01001546
01001557
01001558
01001559
01001560
01001574
01001576
01001746
01001764
01001997
01002029
01002035
01002046
01002047
01002049
01002108
01002177
01002178
01002195
01002196
01002197
01002207
01002208
01002211
01002215
01002220
01002221
01002223
01002225
01002228
01002231
01002242
01002243
01002244
01002246
01002247
01002248
01002249
01002252
01002262
01002263
01002278
01002279
01002281
01002282
01002283
01002291
01002292
01002294
01002501
01002929
01002935
01003187
01003627
01003631
01003632
01003634
01003636
01003655
01003656
01003657
01003658
01003664
01003676
01003677
01003685
01003686
01003688
01003689
01003702
01003703
01003704
01003705
01003706
01003709
01003711
01003728
01003732
01003736
01003738
01003739
01003740
01003761
01003762
01003764
01003769
01003777
01003784
01003799
01003802
01003803
01003804
01003805
01003806
01003807
01003810
01003811
01003812
01003844
01003846
01003848
01003849
01003864
01003867
01003877
01003881
01003884
01003888
01003889
01003893
01003896
01003899
01003900
01003902
01003904
01003905
01003906
01004023
01004025
01004026
01004055
01004100
01004215
01004643
01004645
01004937
01004939
01004940
01004945
01004946
01004960
01004965
01004967
01004969
01004970
01004971
01004981
01004984
01004985
01004987
01004989
01005064
01005074
01005087
01005148
01005150
01005155
01005157
01005195
01005311
01005321
01005420
01005431
01005433
01005504
01005513
01005520
01005593
01006769
01006907
01006998
01007030
01007224
01007225
01007226
01007233
01007235
01007236
01007237
01007238
01007239
01007243
01007244
01007245
01007248
01007249
01007274
01007276
01007279
01007288
01007289
01007290
01007292
01007293
01007299
01007303
01007304
01007305
01007306
01007308
01007309
01007310
01007323
01007324
01007325
01007330
01007334
01007336
01007347
01007348
01007350
01007354
01007358
01007359
01007362
01007400
01007402
01007419
01007424
01007431
01007457
01007465
01007466
01007480
01007485
01007486
01007489
01007490
01007500
01007657
01007678
01007680
01007685
01007688
01007689
01007698
01007725
01007946
01007950
01007953
01007954
01007968
01007971
01007972
01007983
01008034
01008036
01008038
01008041
01008049
01008051
01008056
01008092
01008126
01008127
01008129
01008263
01008264
01008269
01008282
01008294
01008313
01008319
01008325
01008334
01008335
01008338
01008352
01008353
01008355
01008373
01008375
01008376
01008377
01008385
01008386
01008388
01008409
01008443
01008452
01008453
01008508
01008509
01008510
01008517
01008518
01008519
01008520
01008523
01008526
01008531
01008532
01008547
01008548
01008550
01008552
01008558
01008559
01008569
01008583
01008589
01008591
01008596
01008597
01008599
01008600
01008601
01008608
01008628
01008630
01008683
01008695
01008696
01008697
01008709
01008728
01008731
01008732
01008733
01008734
01008735
01008745
01008746
01008749
01008770
01008773
01008790
01008791
01008792
01008798
01008799
01008801
01008802
01008840
01008844
01008845
01008848
01008850
01008855
01008861
01008862
01008865
01008900
01008901
01008924
01008925
01008926
01008940
01008954
01008955
01008969
01008990
01008991
01008992
01008996
01008997
01008998
01009000
01009001
01009002
01009003
01009004
01009006
01009007
01009010
01009011
01009015
01009037
01009038
01009045
01009046
01009047
01009050
01009052
01009053
01009054
01009055
01009056
01009057
01009059
01009061
01009075
01009077
01009078
01009089
01009098
01009100
01009106
01009113
01009115
01009117
01009118
01009120
01009121
01009123
01009124
01009125
01009126
01009127
01009130
01009131
01009132
01009133
01009134
01009135
01009136
01009137
01009142
01009146
01009147
01009148
01009149
01009151
01009152
01009157
01009158
01009188
01009189
01009211
01009212
01009266
01009270
01009271
01009272
01009273
01009275
01009277
01009282
01009294
01009313
01009314
01009315
01009335
01009337
01009344
01009347
01009348
01009349
01009399
01009406
01009408
01009430
01009431
01009432
01009444
01009446
01009449
01009451
01009452
01009453
01009459
01009475
01009488
01009521
01009526
01009527
01009528
01009538
01009546
01009547
01009558
01009574
01009579
01009741
01009742
01009743
01009744
01009745
01009746
01009757
01009762
01009763
01009786
01009827
01009858
01009868
01009872
01009884
01009890
01009904
01009956
01009974
01009975
01009994
01009995
01009996
01009997
01009998
01009999
01010369
01010656
01010657
01010716
01010724
01010817
01011229
01011384
01011385
01011386
01011387
01011388
01011389
01011398
01011400
01011401
01011402
01011425
01011426
01011427
01011428
01011455
01011461
01011480
01011481
01011482
01011486
01011675
01011842
01016025
01016026
01016030
01016044
01016045
01016046
01016047
01016049
01016050
01016051
01016053
01016054
01016055
01016056
01016057
01016061
01016063
01016065
01016066
01016067
01016070
01016073
01016074
01016075
01016076
01016077
01016078
01016079
01016080
01016081
01016094
01016095
01016096
01016097
01016098
01016195
01016196
01016197
01016198
01016199
01016200
01016201
01016202
01016203
01016204
01016205
01016211
01016212
01016213
01016214
01016215
01016233
01020034
01020035
01020036
01020037
01020038
01020039
01020118
01020119
01020120
01020121
01020122
01020123
01020124
01020125
01020126
01020127
01020128
01020137
01020162
01020163
01020164
01020165
01020166
01020167
01020168
01020169
01020170
01020171
01020172
01020194
01020195
01020196
01020197
01020198
01020199
01020200
01020201
01020202
01020203
01020204
01020205
01020206
01020207
01020208
01020209
01020210
01020211
01020212
01020213
01020214
01020215
01020216
01020217
01020218
01020219
01020220
01020221
01020222
01020385
01020386
01020387
01020388
01020389
01020390
01020391
01020392
01020393
01020394
01020395
01020396
01020397
01020398
01020400
01020401
01020402
01020403
01020404
01020405
01020406
01020407
01020408
01020409
01020410
01021126
01021127
01021128
01021226
01021229
01021230
01021241
01021400
01021408
01021410
01021411
01021412
01021413
01021414
01021415
01021416
01021417
01021418
01021419
01021420
01022186
01023829
01023830
01023832
01024058
01026003
01026005
01026006
01026033
01026043
01026275
01026296
01026339
01026340
01026364
01026365
01026366
01026367
01026374
01026377
01026378
01026379
01026381
01026382
01026451
01026452
01026453
01026454
01026455
01026456
01026458
01026459
01026460
01026461
01026462
01026463
01026464
01026465
01026466
01026467
01026468
01026469
01026470
01026471
01026472
01026473
01026474
01026475
01026476
01026477
01026479
01026480
01026481
01026482
01030032
01030039
01030040
01030045
01030049
01030063
01030070
01030079
01030090
01030107
01030131
01030143
01030150
01030153
01030157
01030187
01030188
01030193
01030233
01030249
01030256
01030271
01030278
01030279
01030280
01030287
01030326
01030327
01030328
01030330
01030346
01030383
01030393
01030394
01030395
01030514
01030877
01031000
01031001
01031004
01031008
01031018
01031023
01031024
01031026
01031027
01031029
01031030
01031031
01031032
01031033
01031034
01031038
01031039
01031040
01031043
01031045
01031048
01031054
01031055
01031058
01031061
01031062
01031063
01031064
01031067
01031068
01031069
01031070
01031073
01031076
01031079
01031081
01031083
01031084
01031088
01031091
01031092
01031093
01031184
01031266
01040001
01040002
01040003
01040004
01040005
01040006
01040007
01040008
01040009
01040010
01040011
01040012
01040013
01040014
01040015
01040016
01040017
01040018
01040019
01040020
01040021
01040022
01040023
01040024
01040025
01040026
01040027
01040028
01040029
01040030
01040031
01040032
01040033
01040034
01040035
01040036
01040037
01040038
01040039
01040040
01040041
01040042
01040043
01040044
01040045
01040046
01040047
01040048
01040049
01040050
01040051
01040052
01040053
01040054
01040055
01040056
01040057
01040058
01040059
01040060
01040061
01040062
01040063
01040064
01040065
01040066
01040067
01040068
01040069
01040070
01040071
01040072
01040073
01040074
01040075
01040076
01040077
01040078
01040079
01040080
01040081
01040082
01040083
01040084
01040085
01040086
01040087
01040088
01040089
01040090
01040091
01040092
01040093
01040094
01040095
01040096
01040097
01040098
01040099
01040100
01040101
01040102
01040103
01040104
01040105
01040106
01040107
01040108
01040109
01040110
01040111
01040112
01040113
01040114
01040115
01040116
01040117
01040118
01040119
01040120
01040121
01040122
01040123
01040124
01040125
01040126
01040127
01040128
01040129
01040130
01040131
01040132
01040133
01040134
01040135
01040136
01040137
01040138
01040139
01040140
01040141
01040142
01040143
01040144
01040145
01040146
01040147
01040148
01040149
01040150
01040151
01040152
01040153
01040154
01040155
01040156
01040157
01040158
01040159
01040160
01040161
01040162
01040163
01040164
01040165
01040166
01040167
01040168
01040169
01040170
01040171
01040172
01040173
01040174
01040175
01040176
01040177
01040178
01040179
01040180
01040181
01040182
01040183
01040184
01040185
01040186
01040187
01040188
01040189
01040190
01040191
01040192
01040193
01040194
01040195
01040196
01040197
01040198
01040199
01040200
01040201
01040202
01040203
01040204
01040205
01040206
01040207
01040208
01040209
01040210
01040211
01040212
01040213
01040214
01040215
01040216
01040217
01040218
01040219
01040220
01040221
01040222
01040223
01040224
01040225
01040226
01040227
01040228
01040229
01040230
01040231
01040232
01040233
01040234
01040235
01040236
01040237
01040238
01040239
01040240
01040241
01040242
01040243
01040244
01040245
01040246
01040247
01040248
01040249
01040250
01040251
01040252
01040253
01040254
01040255
01040256
01040257
01040258
01040259
01040260
01040261
01040262
01040263
01040264
01040265
01040266
01040267
01040268
01040269
01040270
01040271
01040272
01040273
01040274
01040275
01040276
01040277
01040278
01040279
01040280
01040281
01040282
01040283
01040284
01040285
01040286
01040287
01040288
01040289
01040290
01040291
01040292
01040293
01040294
01040295
01040296
01040297
01040298
01040299
01040300
01040301
01040302
01040303
01040304
01040305
01040306
01040307
01040308
01040309
01040310
01040311
01040312
01040313
01040314
01040315
01040316
01040317
01040318
01040319
01040320
01040321
01040322
01040323
01040324
01040325
01040326
01040327
01040328
01040329
01040330
01040331
01040332
01040333
01040334
01040335
01040336
01040337
01040338
01040339
01040340
01040341
01040342
01040343
01040344
01040345
01040346
01040347
01040348
01040349
01040350
01040351
01040352
01040353
01040354
01040355
01040356
01040357
01040358
01040359
01040360
01040361
01040362
01040363
01040364
01040365
01040366
01040367
01040368
01040369
01040370
01040371
01040372
01040373
01040374
01040375
01040376
01040377
01040378
01040379
01040380
01040381
01040382
01040383
01040384
01040385
01040386
01040387
01040388
01040389
01040390
01040391
01040392
01040393
01040394
01040395
01040396
01040397
01040398
01040399
01040400
01040401
01040402
01040403
01040404
01040405
01040406
01040407
01040408
01040409
01040410
01040411
01040412
01040413
01040414
01040415
01040416
01040417
01040418
01040419
01040420
01040421
01040422
01040423
01040424
01040425
01040426
01040427
01040428
01040429
01040430
01040431
01040432
01040433
01040434
01040435
01040436
01040437
01040438
01040439
01040440
01040441
01040442
01040443
01040444
01040445
01040446
01040447
01040448
01040449
01040450
01040451
01040452
01040453
01040454
01040455
01040456
01040457
01040458
01040459
01040460
01040461
01040462
01040463
01040464
01040465
01040466
01040467
01040468
01040469
01040470
01040471
01040472
01040473
01040474
01040475
01040476
01040477
01040478
01040479
01040480
01040481
01040482
01040483
01040484
01040485
01040486
01040487
01040488
01040489
01040490
01040491
01040492
01040493
01040494
01040495
01040496
01040497
01040498
01040499
01040500
01040501
01040502
01040503
01040504
01040505
01040506
01040507
01040508
01040509
01040510
01040511
01040512
01040513
01040514
01040515
01040516
01040517
01040518
01040519
01040520
01040521
01040522
01040523
01040524
01040525
01040526
01040527
01040528
01040529
01040530
01040531
01040532
01040533
01040534
01040535
01040536
01040537
01040538
01040539
01040540
01040541
01040542
01040543
01040544
01040545
01040546
01040547
01040548
01040549
01040550
01040551
01040552
01040553
01040554
01040555
01040556
01040557
01040558
01040559
01040560
01040561
01040562
01040563
01040564
01040565
01040566
01040567
01040568
01040569
01040570
01040571
01040572
01040573
01040574
01040575
01040576
01040577
01040578
01040579
01040580
01040581
01040582
01040583
01040584
01040585
01040586
01040587
01040588
01040589
01040590
01040591
01040592
01040593
01040594
01040595
01040596
01040597
01040598
01040599
01040600
01040601
01040602
01040603
01040604
01040605
01040606
01040607
01040608
01040609
01040610
01040611
01040612
01040613
01040614
01040615
01040616
01040617
01040618
01040619
01040620
01040621
01040622
01040623
01040624
01040625
01040626
01040627
01040628
01040629
01040630
01040631
01040632
01040633
01040634
01040635
01040636
01040637
01040638
01040639
01040640
01040641
01040642
01040643
01040644
01040645
01040646
01040647
01040648
01040649
01040650
01040651
01040653
01040654
01040655
01040656
01040657
01040658
01040659
01040660
01040661
01040662
01040663
01040664
01040665
01040666
01040667
01040668
01040669
01040670
01040671
01040672
01040673
01040674
01040675
01040676
01040677
01040678
01040679
01040680
01040681
01040682
01040683
01040684
01040685
01040686
01040687
01040688
01040689
01040690
01040691
01040692
01040693
01040694
01040695
01040696
01040697
01040698
01040699
01040700
01040701
01040702
01040703
01040704
01040705
01040706
01040707
01040708
01040709
01040710
01040711
01040712
01040713
01040714
01040715
01040716
01040717
01040718
01040719
01040720
01040721
01040722
01040723
01040724
01040725
01040726
01040727
01040728
01040729
01040730
01040731
01040732
01040733
01040734
01040735
01040736
01040737
01040738
01040739
01040740
01040741
01040742
01040743
01040744
01040745
01040746
01040747
01040748
01040749
01040750
01040751
01040752
01040753
01040754
01040755
01040756
01040757
01040758
01040759
01040760
01040761
01040762
01040763
01040764
01040765
01040766
01040767
01040768
01040769
01040770
01040771
01040772
01040773
01040774
01040775
01040776
01040777
01040778
01040779
01040780
01040781
01040782
01040783
01040784
01040785
01040786
01040787
01040788
01040789
01040790
01040791
01040792
01040793
01040794
01040795
01040796
01040797
01040798
01040799
01040800
01040801
01040802
01040803
01040804
01040805
01040806
01040807
01040808
01040809
01040810
01040811
01040812
01040813
01040814
01040815
01040816
01040817
01040818
01040819
01040820
01040821
01040822
01040823
01040824
01040825
01040826
01040827
01040828
01040829
01040830
01040831
01040832
01040833
01040834
01040835
01040836
01040837
01040838
01040839
01040840
01040841
01040842
01040843
01040844
01040845
01040846
01040847
01040848
01040849
01040850
01040851
01040852
01040853
01040854
01040855
01040856
01040857
01040858
01040859
01040860
01040861
01040862
01040863
01040864
01040865
01040866
01040867
01040868
01040869
01040870
01040871
01040872
01040873
01040874
01040875
01040876
01040877
01040878
01040879
01040880
01040881
01040882
01040883
01040884
01040885
01040886
01040887
01040888
01040889
01040890
01040891
01040892
01040893
01040894
01040895
01040896
01040897
01040898
01040899
01040900
01040901
01040902
01040903
01040904
01040905
01040906
01040907
01040908
01040909
01040910
01040911
01040912
01040913
01040914
01040915
01040916
01040917
01040918
01040919
01040920
01040921
01040922
01040923
01040924
01040925
01040926
01040927
01040928
01040929
01040930
01040931
01040932
01040933
01040934
01040935
01040936
01040937
01040938
01040939
01040940
01040941
01040942
01040943
01040944
01040945
01040946
01040947
01040948
01040949
01040950
01040951
01040952
01040953
01040954
01040955
01040956
01040957
01040958
01040959
01040960
01040961
01040962
01040963
01040964
01040965
01040966
01040967
01040968
01040969
01040970
01040971
01040972
01040973
01040974
01040975
01040976
01040977
01040978
01040979
01040980
01040981
01040982
01040983
01040984
01040985
01040986
01040987
01040988
01040989
01040990
01040991
01040992
01040993
01040994
01040995
01040996
01040997
01040998
01040999
01041000
01041001
01041002
01041003
01041004
01041005
01041006
01041007
01041008
01041009
01041010
01041011
01041012
01041013
01041014
01041015
01041016
01041017
01041018
01041019
01041020
01041021
01041022
01041023
01041024
01041025
01041026
01041027
01041028
01041029
01041030
01041031
01041032
01041033
01041034
01041035
01041036
01041037
01041038
01041039
01041040
01041041
01041042
01041043
01041044
01041045
01041046
01041047
01041048
01041049
01041050
01041051
01041052
01041053
01041054
01041055
01041056
01041057
01041058
01041059
01041060
01041061
01041062
01041063
01041064
01041065
01041066
01041067
01041068
01041069
01041070
01041071
01041072
01041073
01041074
01041075
01041076
01041077
01041078
01041079
01041080
01041081
01041082
01041083
01041084
01041085
01041086
01041087
01041088
01041089
01041090
01041091
01041092
01041093
01041094
01041095
01041096
01041097
01041098
01041099
01041100
01041101
01041102
01041103
01041104
01041105
01041106
01041107
01041108
01041109
01041110
01041111
01041112
01041113
01041114
01041115
01041116
01041117
01041118
01041119
01041120
01041121
01041122
01041123
01041124
01041125
01041126
01041127
01041128
01041129
01041130
01041131
01041132
01041133
01041134
01041135
01041136
01041137
01041138
01041139
01041140
01041141
01041142
01041143
01041144
01041145
01041146
01041147
01041148
01041149
01041150
01041151
01041152
01041153
01041154
01041155
01041156
01041157
01041158
01041159
01041160
01041161
01041162
01041163
01041164
01041165
01041166
01041167
01041168
01041169
01041170
01041171
01041172
01041173
01041174
01041175
01041176
01041177
01041178
01041179
01041180
01041181
01041182
01041183
01041184
01041185
01041186
01041187
01041188
01041189
01041190
01041191
01041192
01041193
01041194
01041195
01041196
01041197
01041198
01041199
01041200
01041201
01041202
01041203
01041204
01041205
01041206
01041207
01041208
01041209
01041210
01041211
01041212
01041213
01041214
01041215
01041216
01041217
01041218
01041219
01041220
01041221
01041222
01041223
01041224
01041225
01041226
01041227
01041228
01041229
01041230
01041231
01041232
01041233
01041234
01041235
01041236
01041237
01041238
01041239
01041240
01041241
01041242
01041243
01041244
01041245
01041246
01041247
01041248
01041249
01041250
01041251
01041252
01041253
01041254
01041255
01041256
01041257
01041258
01041259
01041260
01041261
01041262
01041263
01041264
01041265
01041266
01041267
01041268
01041269
01041270
01041271
01041272
01041273
01041274
01041275
01041276
01041277
01041278
01041279
01041280
01041281
01041282
01041283
01041284
01041285
01041286
01041287
01041288
01041289
01041290
01041291
01041292
01041293
01041294
01041295
01041296
01041297
01041298
01041299
01041300
01041301
01041302
01041303
01041304
01041305
01041306
01041307
01041308
01041309
01041310
01041311
01041312
01041313
01041314
01041315
01041316
01041317
01041318
01041319
01041320
01041321
01041322
01041323
01041324
01041325
01041326
01041327
01041328
01041329
01041330
01041331
01041332
01041333
01041334
01041335
01041336
01041337
01041338
01041339
01041340
01041341
01041342
01041343
01041344
01041345
01041346
01041347
01041348
01041349
01041350
01041351
01041352
01041353
01041354
01041355
01041356
01041357
01041358
01041359
01041360
01041361
01041362
01041363
01041364
01041365
01041366
01041367
01041368
01041369
01041370
01041371
01041372
01041373
01041374
01041375
01041376
01041377
01041378
01041379
01041380
01041381
01041382
01041383
01041384
01041385
01041386
01041387
01041388
01041389
01041390
01041391
01041392
01041393
01041394
01041395
01041396
01041397
01041398
01041399
01041400
01041401
01041402
01041403
01041404
01041405
01041406
01041407
01041408
01041409
01041410
01041411
01041412
01041413
01041414
01041415
01041416
01041417
01041418
01041419
01041420
01041421
01041422
01041423
01041424
01041425
01041426
01041427
01041428
01041429
01041430
01041431
01041432
01041433
01041434
01041435
01041436
01041437
01041438
01041439
01041440
01041441
01041442
01041443
01041444
01041445
01041446
01041447
01041448
01041449
01041450
01041451
01041452
01041453
01041454
01041455
01041456
01041457
01041458
01041459
01041460
01041461
01041462
01041463
01041464
01041465
01041466
01041467
01041468
01041469
01041470
01041471
01041472
01041473
01041474
01041475
01041476
01041477
01041478
01041479
01041480
01041481
01041482
01041483
01041484
01041485
01041486
01041487
01041488
01041489
01041490
01041491
01041492
01041493
01041494
01041495
01041496
01041497
01041498
01041499
01041500
01041501
01041502
01041503
01041504
01041505
01041506
01041507
01041508
01041509
01041510
01041511
01041512
01041513
01041514
01041515
01041516
01041517
01041518
01041519
01041520
01041521
01041522
01041523
01041524
01041525
01041526
01041527
01041528
01041529
01041530
01041531
01041532
01041533
01041534
01041535
01041536
01041537
01041538
01041539
01041540
01041541
01041542
01041543
01041544
01041545
01041546
01041547
01041548
01041549
01041550
01041551
01041552
01041553
01041554
01041555
01041556
01041557
01041558
01041559
01041560
01041561
01041562
01041563
01041564
01041565
01041566
01041567
01041568
01041569
01041570
01041571
01041572
01041573
01041574
01041575
01041576
01041577
01041578
01041579
01041580
01041581
01041582
01041583
01041584
01041585
01041586
01041587
01041588
01041589
01041590
01041591
01041592
01041593
01041594
01041595
01041596
01041597
01041598
01041599
01041600
01041601
01041602
01041603
01041604
01041605
01041606
01041607
01041608
01041609
01041610
01041611
01041612
01041613
01041614
01041615
01041616
01041617
01041618
01041619
01041620
01041621
01041622
01041623
01041624
01041625
01041626
01041627
01041628
01041629
01041630
01041631
01041632
01041633
01041634
01041635
01041636
01041637
01041638
01041639
01041640
01041641
01041642
01041643
01041644
01041645
01041646
01041647
01041648
01041649
01041650
01041651
01041652
01041653
01041654
01041655
01041656
01041657
01041658
01041659
01041660
01041661
01041662
01041663
01041664
01041665
01041666
01041667
01041668
01041669
01041670
01041671
01041672
01041673
01041674
01041675
01041676
01041677
01041678
01041679
01041680
01041681
01041682
01041683
01041684
01041685
01041686
01041687
01041688
01041689
01041690
01041691
01041692
01041693
01041694
01041695
01041696
01041697
01041698
01041699
01041700
01041701
01041702
01041703
01041704
01041705
01041706
01041707
01041708
01041709
01041710
01041711
01041712
01041713
01041714
01041715
01041716
01041717
01041718
01041719
01041720
01041721
01041722
01041723
01041724
01041725
01041726
01041727
01041728
01041729
01041730
01041731
01041732
01041733
01041734
01041735
01041736
01041737
01041738
01041739
01041740
01041741
01041742
01041743
01041744
01041745
01041746
01041747
01041748
01041749
01041750
01041751
01041752
01041753
01041754
01041755
01041756
01041757
01041758
01041759
01041760
01041761
01041762
01041763
01041764
01041765
01041766
01041767
01041768
01041769
01041770
01041771
01041772
01041773
01041774
01041775
01041776
01041777
01041778
01041779
01041780
01041781
01041782
01041783
01041784
01041785
01041786
01041787
01041788
01041789
01041790
01041791
01041792
01041793
01041794
01041795
01041796
01041797
01041798
01041799
01041800
01041801
01041802
01041803
01041804
01041805
01041806
01041807
01041808
01041809
01041810
01041811
01041812
01041813
01041814
01041815
01041816
01041817
01041818
01041819
01041820
01041821
01041822
01041823
01041824
01041825
01041826
01041827
01041828
01041829
01041830
01041831
01041832
01041833
01041834
01041835
01041836
01041837
01041838
01041839
01041840
01041841
01041842
01041843
01041844
01041845
01041846
01041847
01041848
01041849
01041850
01041851
01041852
01041853
01041854
01041855
01041856
01041857
01041858
01041859
01041860
01041861
01041862
01041863
01041864
01041865
01041866
01041867
01041868
01041869
01041870
01041871
01041872
01041873
01041874
01041875
01041876
01041877
01041878
01041879
01041880
01041881
01041882
01041883
01041884
01041885
01041886
01041887
01041888
01041889
01041890
01041891
01041892
01041893
01041894
01041895
01041896
01041897
01041898
01041899
01041900
01041901
01041902
01041903
01041904
01041905
01041906
01041907
01041908
01041909
01041910
01041911
01041912
01041913
01041914
01041915
01041916
01041917
01041918
01041919
01041920
01041921
01041922
01041923
01041924
01041925
01041926
01041927
01041928
01041929
01041930
01041931
01041932
01041933
01041934
01041935
01041936
01041937
01041938
01041939
01041940
01041941
01041942
01041943
01041944
01041945
01041946
01041947
01041948
01041949
01041950
01041951
01041952
01041953
01041954
01041955
01041956
01041957
01041958
01041959
01041960
01041961
01041962
01041963
01041964
01041965
01041966
01041967
01041968
01041969
01041970
01041971
01041972
01041973
01041974
01041975
01041976
01041977
01041978
01041979
01041980
01041981
01041982
01041983
01041984
01041985
01041986
01041987
01041988
01041989
01041990
01041991
01041992
01041993
01041994
01041995
01041996
01041997
01041998
01041999
01042000
01042001
01042002
01042003
01042004
01042005
01042006
01042007
01042008
01042009
01042010
01042011
01042012
01042013
01042014
01042015
01042016
01042017
01042018
01042019
01042020
01042021
01042022
01042023
01042024
01042025
01042026
01042027
01042028
01042029
01042030
01042031
01042032
01042033
01042034
01042035
01042036
01042037
01042038
01042039
01042040
01042041
01042042
01042043
01042044
01042045
01042046
01042047
01042048
01042049
01042050
01042051
01042052
01042053
01042054
01042055
01042056
01042057
01042058
01042059
01042060
01042061
01042062
01042063
01042064
01042065
01042066
01042067
01042068
01042069
01042070
01042071
01042072
01042073
01042074
01042075
01042076
01042077
01042078
01042079
01042080
01042081
01042082
01042083
01042084
01042085
01042086
01042087
01042088
01042089
01042090
01042091
01042092
01042093
01042094
01042095
01042096
01042097
01042098
01042099
01042100
01042101
01042102
01042103
01042104
01042105
01042106
01042107
01042108
01042109
01042110
01042111
01042112
01042113
01042114
01042115
01042116
01042117
01042118
01042119
01042120
01042121
01042122
01042123
01042124
01042125
01042126
01042127
01042128
01042129
01042130
01042131
01042132
01042133
01042134
01042135
01042136
01042137
01042138
01042139
01042140
01042141
01042142
01042143
01042144
01042145
01042146
01042147
01042148
01042149
01042150
01042151
01042152
01042153
01042154
01042155
01042156
01042157
01042158
01042159
01042160
01042161
01042162
01042163
01042164
01042165
01042166
01042167
01042168
01042169
01042170
01042171
01042172
01042173
01042174
01042175
01042176
01042177
01042178
01042179
01042180
01042181
01042182
01042183
01042184
01042185
01042186
01042187
01042188
01042189
01042190
01042191
01042192
01042193
01042194
01042195
01042196
01042197
01042198
01042199
01042200
01042201
01042202
01042203
01042204
01042205
01042206
01042207
01042208
01042209
01042210
01042211
01042212
01042213
01042214
01042215
01042216
01042217
01042218
01042219
01042220
01042221
01042222
01042223
01042224
01042225
01042226
01042227
01042228
01042229
01042230
01042231
01042232
01042233
01042234
01042235
01042236
01042237
01042238
01042239
01042240
01042241
01042242
01042243
01042244
01042245
01042246
01042247
01042248
01042249
01042250
01042251
01042252
01042253
01042254
01042255
01042256
01042257
01042258
01042259
01042260
01042261
01042262
01042263
01042264
01042265
01042266
01042267
01042268
01042269
01042270
01042271
01042272
01042273
01042274
01042275
01042276
01042277
01042278
01042279
01042280
01042281
01042282
01042283
01042284
01042285
01042286
01042287
01042288
01042289
01042290
01042291
01042292
01042293
01042294
01042295
01042296
01042297
01042298
01042299
01042300
01042301
01042302
01042303
01042304
01042305
01042306
01042307
01042308
01042309
01042310
01042311
01042312
01042313
01042314
01042315
01042316
01042317
01042318
01042319
01042320
01042321
01042322
01042323
01042324
01042325
01042326
01042327
01042328
01042329
01042330
01042331
01042332
01042333
01042334
01042335
01042336
01042337
01042338
01042339
01042340
01042341
01042342
01042343
01042344
01042345
01042346
01042347
01042348
01042349
01042350
01042351
01042352
01042353
01042354
01042355
01042356
01042357
01042358
01042359
01042360
01042361
01042362
01042363
01042364
01042365
01042366
01042367
01042368
01042369
01042370
01042371
01042372
01042373
01042374
01042375
01042376
01042377
01042378
01042379
01042380
01042381
01042382
01042383
01042384
01042385
01042386
01042387
01042388
01042389
01042390
01042391
01042392
01042393
01042394
01042395
01042396
01042397
01042398
01042399
01042400
01042401
01042402
01042403
01042404
01042405
01042406
01042407
01042408
01042409
01042410
01042411
01042412
01042413
01042414
01042415
01042416
01042417
01042418
01042419
01042420
01042421
01042422
01042423
01042424
01042425
01042426
01042427
01042428
01042429
01042430
01042431
01042432
01042433
01042434
01042435
01042436
01042437
01042438
01042439
01042440
01042441
01042442
01042443
01042444
01042445
01042446
01042447
01042448
01042449
01042450
01042451
01042452
01042453
01042454
01042455
01042456
01042457
01042458
01042459
01042460
01042461
01042462
01042463
01042464
01042465
01042466
01042467
01042468
01042469
01042470
01042471
01042472
01042473
01042474
01042475
01042476
01042477
01042478
01042479
01042480
01042481
01042482
01042483
01042484
01042485
01042486
01042487
01042488
01042489
01042490
01042491
01042492
01042493
01042494
01042495
01042496
01042497
01042498
01042499
01042500
01042501
01042502
01042503
01042504
01042505
01042506
01042507
01042508
01042509
01042510
01042511
01042512
01042513
01042514
01042515
01042516
01042517
01042518
01042519
01042520
01042521
01042522
01042523
01042524
01042525
01042526
01042527
01042528
01042529
01042530
01042531
01042532
01042533
01042534
01042535
01042536
01042537
01042538
01042539
01042540
01042541
01042542
01042543
01042544
01042545
01042546
01042547
01042548
01042549
01042550
01042551
01042552
01042553
01042554
01042555
01042556
01042557
01042558
01042559
01042560
01042561
01042562
01042563
01042564
01042565
01042566
01042567
01042568
01042569
01042570
01042571
01042572
01042573
01042574
01042575
01042576
01042577
01042578
01042579
01042580
01042581
01042582
01042583
01042584
01042585
01042586
01042587
01042588
01042589
01042590
01042591
01042592
01042593
01042594
01042595
01042596
01042597
01042598
01042599
01042600
01042601
01042602
01042603
01042604
01042605
01042606
01042607
01042608
01042609
01042610
01042611
01042612
01042613
01042614
01042615
01042616
01042617
01042618
01042619
01042620
01042621
01042622
01042623
01042624
01042625
01042626
01042627
01042628
01042629
01042630
01042631
01042632
01042633
01042634
01042635
01042636
01042637
01042638
01042639
01042640
01042641
01042642
01042643
01042644
01042645
01042646
01042647
01042648
01042649
01042650
01042651
01042652
01042653
01042654
01042655
01042656
01042657
01042658
01042659
01042660
01042661
01042662
01042663
01042664
01042665
01042666
01042667
01042668
01042669
01042670
01042671
01042672
01042673
01042674
01042675
01042676
01042677
01042678
01042679
01042680
01042681
01042682
01042683
01042684
01042685
01042686
01042687
01042688
01042689
01042690
01042691
01042692
01042693
01042694
01042695
01042696
01042697
01042698
01042699
01042700
01042701
01042702
01042703
01042704
01042705
01042706
01042707
01042708
01042709
01042710
01042711
01042712
01042713
01042714
01042715
01042716
01042717
01042718
01042719
01042720
01042721
01042722
01042723
01042724
01042725
01042726
01042727
01042728
01042729
01042730
01042731
01042732
01042733
01042734
01042735
01042736
01042737
01042738
01042739
01042740
01042741
01042742
01042743
01042744
01042745
01042746
01042747
01042748
01042749
01042750
01042751
01042752
01042753
01042754
01042755
01042756
01042757
01042758
01042759
01042760
01042761
01042762
01042763
01042764
01042765
01042766
01042767
01042768
01042769
01042770
01042771
01042772
01042773
01042774
01042775
01042776
01042777
01042778
01042779
01042780
01042781
01042782
01042783
01042784
01042785
01042786
01042787
01042788
01042789
01042790
01042791
01042792
01042793
01042794
01042795
01042796
01042797
01042798
01042799
01042800
01042801
01042802
01042803
01042804
01042805
01042806
01042807
01042808
01042809
01042810
01042811
01042812
01042813
01042814
01042815
01042816
01042817
01042818
01042819
01042820
01042821
01042822
01042823
01042824
01042825
01042826
01042827
01042828
01042829
01042830
01042831
01042832
01042833
01042834
01042835
01042836
01042837
01042838
01042839
01042840
01042841
01042842
01042843
01042844
01042845
01042846
01042847
01042848
01042849
01042850
01042851
01042852
01042853
01042854
01042855
01042856
01042857
01042858
01042859
01042860
01042861
01042862
01042863
01042864
01042865
01042866
01042867
01042868
01042869
01042870
01042871
01042872
01042873
01042874
01042875
01042876
01042877
01042878
01042879
01042880
01042881
01042882
01042883
01042884
01042885
01042886
01042887
01042888
01042889
01042890
01042891
01042892
01042893
01042894
01042895
01042896
01042897
01042898
01042899
01042900
01042901
01042902
01042903
01042904
01042905
01042906
01042907
01042908
01042909
01042910
01042911
01042912
01042913
01042914
01042915
01042916
01042917
01042918
01042919
01042920
01042921
01042922
01042923
01042924
01042925
01042926
01042927
01042928
01042929
01042930
01042931
01042932
01042933
01042934
01042935
01042936
01042937
01042938
01042939
01042940
01042941
01042942
01042943
01042944
01042945
01042946
01042947
01042948
01042949
01042950
01042951
01042952
01042953
01042954
01042955
01042956
01042957
01042958
01042959
01042960
01042961
01042962
01042963
01042964
01042965
01042966
01042967
01042968
01042969
01042970
01042971
01042972
01042973
01042974
01042975
01042976
01042977
01042978
01042979
01042980
01042981
01042982
01042983
01042984
01042985
01042986
01042987
01042988
01042989
01042990
01042991
01042992
01042993
01042994
01042995
01042996
01042997
01042998
01042999
01043000
01043001
01043002
01043003
01043004
01043005
01043006
01043007
01043008
01043009
01043010
01043011
01043012
01043013
01043014
01043015
01043016
01043017
01043018
01043019
01043020
01043021
01043022
01043023
01043024
01043025
01043026
01043027
01043028
01043029
01043030
01043031
01043032
01043033
01043034
01043035
01043036
01043037
01043038
01043039
01043040
01043041
01043042
01043043
01043044
01043045
01043046
01043047
01043048
01043049
01043050
01043051
01043052
01043053
01043054
01043055
01043056
01043057
01043058
01043059
01043060
01043061
01043062
01043063
01043064
01043065
01043066
01043067
01043068
01043069
01043070
01043071
01043072
01043073
01043074
01043075
01043076
01043077
01043078
01043079
01043080
01043081
01043082
01043083
01043084
01043085
01043086
01043087
01043088
01043089
01043090
01043091
01043092
01043093
01043094
01043095
01043096
01043097
01043098
01043099
01043100
01043101
01043102
01043103
01043104
01043105
01043106
01043107
01043108
01043109
01043110
01043111
01043112
01043113
01043114
01043115
01043116
01043117
01043118
01043119
01043120
01043121
01043122
01043123
01043124
01043125
01043126
01043127
01043128
01043129
01043130
01043131
01043132
01043133
01043134
01043135
01043136
01043137
01043138
01043139
01043140
01043141
01043142
01043143
01043144
01043145
01043146
01043147
01043148
01043149
01043150
01043151
01043152
01043153
01043154
01043155
01043156
01043157
01043158
01043159
01043160
01043161
01043162
01043163
01043164
01043165
01043166
01043167
01043168
01043169
01043170
01043171
01043172
01043173
01043174
01043175
01043176
01043177
01043178
01043179
01043180
01043181
01043182
01043183
01043184
01043185
01043186
01043187
01043188
01043189
01043190
01043191
01043192
01043193
01043194
01043195
01043196
01043197
01043198
01043199
01043200
01043201
01043202
01043203
01043204
01043205
01043206
01043207
01043208
01043209
01043210
01043211
01043212
01043213
01043214
01043215
01043216
01043217
01043218
01043219
01043220
01043221
01043222
01043223
01043224
01043225
01043226
01043227
01043228
01043229
01043230
01043231
01043232
01043233
01043234
01043235
01043236
01043237
01043238
01043239
01043240
01043241
01043242
01043243
01043244
01043245
01043246
01043247
01043248
01043249
01043250
01043251
01043252
01043253
01043254
01043255
01043256
01043257
01043258
01043259
01043260
01043261
01043262
01043263
01043264
01043265
01043266
01043267
01043268
01043269
01043270
01043271
01043272
01043273
01043274
01043275
01043276
01043277
01043278
01043279
01043280
01043281
01043282
01043283
01043284
01043285
01043286
01043287
01043288
01043289
01043290
01043291
01043292
01043293
01043294
01043295
01043296
01043297
01043298
01043299
01043300
01043301
01043302
01043303
01043304
01043305
01043306
01043307
01043308
01043309
01043310
01043311
01043312
01043313
01043314
01043315
01043316
01043317
01043318
01043319
01043320
01043321
01043322
01043323
01043324
01043325
01043326
01043327
01043328
01043329
01043330
01043331
01043332
01043333
01043334
01043335
01043336
01043337
01043338
01043339
01043340
01043341
01043342
01043343
01043344
01043345
01043346
01043347
01043348
01043349
01043350
01043351
01043352
01043353
01043354
01043355
01043356
01043357
01043358
01043359
01043360
01043361
01043362
01043363
01043364
01043365
01043366
01043367
01043368
01043369
01043370
01043371
01043372
01043373
01043374
01043375
01043376
01043377
01043378
01043379
01043380
01043381
01043382
01043383
01043384
01043385
01043386
01043387
01043388
01043389
01043390
01043391
01043392
01043393
01043394
01043395
01043396
01043397
01043398
01043399
01043400
01043401
01043402
01043403
01043404
01043405
01043406
01043407
01043408
01043409
01043410
01043411
01043412
01043413
01043414
01043415
01043416
01043417
01043418
01043419
01043420
01043421
01043422
01043423
01043424
01043425
01043426
01043427
01043428
01043429
01043430
01043431
01043432
01043433
01043434
01043435
01043436
01043437
01043438
01043439
01043440
01043441
01043442
01043443
01043444
01043445
01043446
01043447
01043448
01043449
01043450
01043451
01043452
01043453
01043454
01043455
01043456
01043457
01043458
01043459
01043460
01043461
01043462
01043463
01043464
01043465
01043466
01043467
01043468
01043469
01043470
01043471
01043472
01043473
01043474
01043475
01043476
01043477
01043478
01043479
01043480
01043481
01043482
01043483
01043484
01043485
01043486
01043487
01043488
01043489
01043490
01043491
01043492
01043493
01043494
01043495
01043496
01043497
01043498
01043499
01043500
01043501
01043502
01043503
01043504
01043505
01043506
01043507
01043508
01043509
01043510
01043511
01043512
01043513
01043514
01043515
01043516
01043517
01043518
01043519
01043520
01043521
01043522
01043523
01043524
01043525
01043526
01043527
01043528
01043529
01043530
01043531
01043532
01043533
01043534
01043535
01043536
01043537
01043538
01043539
01043540
01043541
01043542
01043543
01043544
01043545
01043546
01043547
01043548
01043549
01043550
01043551
01043552
01043553
01043554
01043555
01043556
01043557
01043558
01043559
01043560
01043561
01043562
01043563
01043564
01043565
01043566
01043567
01043568
01043569
01043570
01043571
01043572
01043573
01043574
01043575
01043576
01043577
01043578
01043579
01043580
01043581
01043582
01043583
01043584
01043585
01043586
01043587
01043588
01043589
01043590
01043591
01043592
01043593
01043594
01043595
01043596
01043597
01043598
01043599
01043600
01043601
01043602
01043603
01043604
01043605
01043606
01043607
01043608
01043609
01043610
01043611
01043612
01043613
01043614
01043615
01043616
01043617
01043618
01043619
01043620
01043621
01043622
01043623
01043624
01043625
01043626
01043627
01043628
01043629
01043630
01043631
01043632
01043633
01043634
01043635
01043636
01043637
01043638
01043639
01043640
01043641
01043642
01043643
01043644
01043645
01043646
01043647
01043648
01043649
01043650
01043651
01043652
01043653
01043654
01043655
01043656
01043657
01043658
01043659
01043660
01043661
01043662
01043663
01043664
01043665
01043666
01043667
01043668
01043669
01043670
01043671
01043672
01043673
01043674
01043675
01043676
01043677
01043678
01043679
01043680
01043681
01043682
01043683
01043684
01043685
01043686
01043687
01043688
01043689
01043690
01043691
01043692
01043693
01043694
01043695
01043696
01043697
01043698
01043699
01043700
01043701
01043702
01043703
01043704
01043705
01043706
01043707
01043708
01043709
01043710
01043711
01043712
01043713
01043714
01043715
01043716
01043717
01043718
01043719
01043720
01043721
01043722
01043723
01043724
01043725
01043726
01043727
01043728
01043729
01043730
01043731
01043732
01043733
01043734
01043735
01043736
01043737
01043738
01043739
01043740
01043741
01043742
01043743
01043744
01043745
01043746
01043747
01043748
01043749
01043750
01043751
01043752
01043753
01043754
01043755
01043756
01043757
01043758
01043759
01043760
01043761
01043762
01043763
01043764
01043765
01043766
01043767
01043768
01043769
01043770
01043771
01043772
01043773
01043774
01043775
01043776
01043777
01043778
01043779
01043780
01043781
01043782
01043783
01043784
01043785
01043786
01043787
01043788
01043789
01043790
01043791
01043792
01043793
01043794
01043795
01043796
01043797
01043798
01043799
01043800
01043801
01043802
01043803
01043804
01043805
01043806
01043807
01043808
01043809
01043810
01043811
01043812
01043813
01043814
01043815
01043816
01043817
01043818
01043819
01043820
01043821
01043822
01043823
01043824
01043825
01043826
01043827
01043828
01043829
01043830
01043831
01043832
01043833
01043834
01043835
01043836
01043837
01043838
01043839
01043840
01043841
01043842
01043843
01043844
01043845
01043846
01043847
01043848
01043849
01043850
01043851
01043852
01043853
01043854
01043855
01043856
01043857
01043858
01043859
01043860
01043861
01043862
01043863
01043864
01043865
01043866
01043867
01043868
01043869
01043870
01043871
01043872
01043873
01043874
01043875
01043876
01043877
01043878
01043879
01043880
01043881
01043882
01043883
01043884
01043885
01043886
01043887
01043888
01043889
01043890
01043891
01043892
01043893
01043894
01043895
01043896
01043897
01043898
01043899
01043900
01043901
01043902
01043903
01043904
01043905
01043906
01043907
01043908
01043909
01043910
01043911
01043912
01043913
01043914
01043915
01043916
01043917
01043918
01043919
01043920
01043921
01043922
01043923
01043924
01043925
01043926
01043927
01043928
01043929
01043930
01043931
01043932
01043933
01043934
01043935
01043936
01043937
01043938
01043939
01043940
01043941
01043942
01043943
01043944
01043945
01043946
01043947
01043948
01043949
01043950
01043951
01043952
01043953
01043954
01043955
01043956
01043957
01043958
01043959
01043960
01043961
01043962
01043963
01043964
01043965
01043966
01043967
01043968
01043969
01043970
01043971
01043972
01043973
01043974
01043975
01043976
01043977
01043978
01043979
01043980
01043981
01043982
01043983
01043984
01043985
01043986
01043987
01043988
01043989
01043990
01043991
01043992
01043993
01043994
01043995
01043996
01043997
01043998
01043999
01044000
01044001
01044002
01044003
01044004
01044005
01044006
01044007
01044008
01044009
01044010
01044011
01044012
01044013
01044014
01044015
01044016
01044017
01044018
01044019
01044020
01044021
01044022
01044023
01044024
01044025
01044026
01044027
01044028
01044029
01044030
01044031
01044032
01044033
01044034
01044035
01044036
01044037
01044038
01044039
01044040
01044041
01044042
01044043
01044044
01044045
01044046
01044047
01044048
01044049
01044050
01044051
01044052
01044053
01044054
01044055
01044056
01044057
01044058
01044059
01044060
01044061
01044062
01044063
01044064
01044065
01044066
01044067
01044068
01044069
01044070
01044071
01044072
01044073
01044074
01044075
01044076
01044077
01044078
01044079
01044080
01044081
01044082
01044083
01044084
01044085
01044086
01044087
01044088
01044089
01044090
01044091
01044092
01044093
01044094
01044095
01044096
01044097
01044098
01044099
01044100
01044101
01044102
01044103
01044104
01044105
01044106
01044107
01044108
01044109
01044110
01044111
01044112
01044113
01044114
01044115
01044116
01044117
01044118
01044119
01044120
01044121
01044122
01044123
01044124
01044125
01044126
01044127
01044128
01044129
01044130
01044131
01044132
01044133
01044134
01044135
01044136
01044137
01044138
01044139
01044140
01044141
01044142
01044143
01044144
01044145
01044146
01044147
01044148
01044149
01044150
01044151
01044152
01044153
01044154
01044155
01044156
01044157
01044158
01044159
01044160
01044161
01044162
01044163
01044164
01044165
01044166
01044167
01044168
01044169
01044170
01044171
01044172
01044173
01044174
01044175
01044176
01044177
01044178
01044179
01044180
01044181
01044182
01044183
01044184
01044185
01044186
01044187
01044188
01044189
01044190
01044191
01044192
01044193
01044194
01044195
01044196
01044197
01044198
01044199
01044200
01044201
01044202
01044203
01044204
01044205
01044206
01044207
01044208
01044209
01044210
01044211
01044212
01044213
01044214
01044215
01044216
01044217
01044218
01044219
01044220
01044221
01044222
01044223
01044224
01044225
01044226
01044227
01044228
01044229
01044230
01044231
01044232
01044233
01044234
01044235
01044236
01044237
01044238
01044239
01044240
01044241
01044242
01044243
01044244
01044245
01044246
01044247
01044248
01044249
01044250
01044251
01044252
01044253
01044254
01044255
01044256
01044257
01044258
01044259
01044260
01044261
01044262
01044263
01044264
01044265
01044266
01044267
01044268
01044269
01044270
01044271
01044272
01044273
01044274
01044275
01044276
01044277
01044278
01044279
01044280
01044281
01044282
01044283
01044284
01044285
01044286
01044287
01044288
01044289
01044290
01044291
01044292
01044293
01044294
01044295
01044296
01044297
01044298
01044299
01044300
01044301
01044302
01044303
01044304
01044305
01044306
01044307
01044308
01044309
01044310
01044311
01044312
01044313
01044314
01044315
01044316
01044317
