01090001
01090002
01090003
01090004
01090005
01090006
01090007
01090008
01090009
01090010
01090011
01090012
01090013
01090014
01090015
01090016
01090017
01090018
01090019
01090020
01090021
01090022
01090023
01090024
01090025
01090026
01090027
01090028
01090029
01090030
01090031
01090032
01090033
01090034
01090035
01090036
01090037
01090038
01090039
01090040
01090041
01090042
01090043
01090044
01090045
01090046
01090047
01090048
01090049
01090050
01090051
01090052
01090053
01090054
01090055
01090056
01090057
01090058
01090059
01090060
01090061
01090062
01090063
01090064
01090065
01090066
01090067
01090068
01090069
01090070
01090071
01090072
01090073
01090074
01090075
01090076
01090077
01090078
01090079
01090080
01090081
01090082
01090083
01090084
01090085
01090086
01090087
01090088
01090089
01090090
01090091
01090092
01090093
01090094
01090095
01090096
01090097
01090098
01090099
01090100
01090101
01090102
01090103
01090104
01090105
01090106
01090107
01090108
01090109
01090110
01090111
01090112
01090113
01090114
01090115
01090116
01090117
01090118
01090119
01090120
01090121
01090122
01090123
01090124
01090125
01090126
01090127
01090128
01090129
01090130
01090131
01090132
01090133
01090134
01090135
01090136
01090137
01090138
01090139
01090140
01090141
01090142
01090143
01090144
01090145
01090146
01090147
01090148
01090149
01090150
01090151
01090152
01090153
01090154
01090155
01090156
01090157
01090158
01090159
01090160
01090161
01090162
01090163
01090164
01090165
01090166
01090167
01090168
01090169
01090170
01090171
01090172
01090173
01090174
01090175
01090176
01090177
01090178
01090179
01090180
01090181
01090182
01090183
01090184
01090185
01090186
01090187
01090188
01090189
01090190
01090191
01090192
01090193
01090194
01090195
01090196
01090197
01090198
01090199
01090200
01090201
01090202
01090203
01090204
01090205
01090206
01090207
01090208
01090209
01090210
01090211
01090212
01090213
01090214
01090215
01090216
01090217
01090218
01090219
01090220
01090221
01090222
01090223
01090224
01090225
01090226
01090227
01090228
01090229
01090230
01090231
01090232
01090233
01090234
01090235
01090236
01090237
01090238
01090239
01090240
01090241
01090242
01090243
01090244
01090245
01090246
01090247
01090248
01090249
01090250
01090251
01090252
01090253
01090254
01090255
01090256
01090257
01090258
01090259
01090260
01090261
01090262
01090263
01090264
01090265
01090266
01090267
01090268
01090269
01090270
01090271
01090272
01090273
01090274
01090275
01090276
01090277
01090278
01090279
01090280
01090281
01090282
01090283
01090284
01090285
01090286
01090287
01090288
01090289
01090290
01090291
01090292
01090293
01090294
01090295
01090296
01090297
01090298
01090299
01090300
01090301
01090302
01090303
01090304
01090305
01090306
01090307
01090308
01090309
01090310
01090311
01090312
01090313
01090314
01090315
01090316
01090317
01090318
01090319
01090320
01090321
01090322
01090323
01090324
01090325
01090326
01090327
01090328
01090329
01090330
01090331
01090332
01090333
01090334
01090335
01090336
01090337
01090338
01090339
01090340
01090341
01090342
01090343
01090344
01090345
01090346
01090347
01090348
01090349
01090350
01090351
01090352
01090353
01090354
01090355
01090356
01090357
01090358
01090359
01090360
01090361
01090362
01090363
01090364
01090365
01090366
01090367
01090368
01090369
01090370
01090371
01090372
01090373
01090374
01090375
01090376
01090377
01090378
01090379
01090380
01090381
01090382
01090383
01090384
01090385
01090386
01090387
01090388
01090389
01090390
01090391
01090392
01090393
01090394
01090395
01090396
01090397
01090398
01090399
01090400
