011-91
01100071
01100173
01100259
01100263
01100264
01100266
01100267
01100274
01100280
01100281
01100282
01100283
01100314
01100325
01100346
01100353
01100374
01100387
01100390
01100493
01100510
01100511
01100523
01100529
01100532
01100582
01100599
01100605
01100645
01100832
01100888
01100890
01100902
01100925
01100959
01100973
01100974
01100975
01100982
01100992
01100994
01101125
01101142
01101290
01101309
01101343
01101393
01101394
01101396
01101397
01101405
01101406
01101465
01101569
01101716
01101841
01101877
01101878
01102193
01102294
01102345
01102350
01102415
01102425
01102440
01102442
01102444
01102462
01102469
01102471
01102473
01102490
01102519
01102520
01102521
01102522
01102523
01102524
01102532
01102533
01102534
01102599
01102600
01102602
01102659
01102663
01102664
01102665
01102689
01102721
01102722
01102725
01102726
01102727
01102728
01102729
01102732
01102749
01102756
01102773
01102785
01102786
01102794
01102796
01102797
01102799
01102800
01102801
01102803
01102830
01102831
01102832
01102835
01102847
01102926
01103038
01103054
01103117
01103118
01103148
01103169
01103188
01103283
01103284
01103316
01103341
01103372
01103384
01103504
01103505
01103512
01103521
01103535
01103550
01103561
01103574
01103584
01103609
01103655
01103665
01103710
01103723
01103739
01103774
01103777
01103780
01103781
01103782
01103789
01103826
01103837
01103843
01103853
01103854
01103856
01103895
01103907
01103965
01103967
01103968
01103989
01103999
01104015
01104143
01104174
01104181
01104185
01104273
01104276
01104281
01104316
01104327
01104337
01104349
01104350
01104353
01104355
01104356
01104362
01104363
01104364
01104368
01104370
01104376
01104378
01104526
01104577
01104582
01104596
01104611
01104612
01104613
01104614
01104616
01104617
01104621
01104647
01104663
01104664
01104668
01104685
01104689
01104719
01104730
01104737
01104769
01104770
01104780
01104811
01104812
01104813
01104814
01104815
01104817
01104839
01104844
01104846
01104852
01104867
01104950
01104952
01104964
01104965
01105065
01105066
01105067
01105068
01105069
01105070
01105072
01105074
01105077
01105082
01105084
01105085
01105086
01105088
01105094
01105105
01105109
01105111
01105115
01105127
01105128
01105130
01105132
01105136
01105147
01105157
01105161
01105166
01105169
01105170
01105179
01105201
01105219
01105285
01105293
01105312
01105325
01105403
01105489
01105490
01105491
01105492
01105494
01105504
01105510
01105512
01105515
01105522
01105524
01105537
01105544
01105549
01105571
01105646
01105674
01106342
01106343
01106345
01106348
01106381
01106393
01106410
01106726
01106793
01106818
01106828
01106829
01107089
01107092
01107095
01107098
01107101
01107102
01107105
01107110
01107114
01107117
01107119
01107121
01107124
01107128
01107226
01107228
01107230
01107232
01107236
01107271
01107273
01107279
01107281
01107317
01107352
01107356
01107359
01107396
01107398
01107427
01107430
01107541
01107543
01107545
01107547
01107550
01107561
01107677
01107680
01107688
01107693
01107695
01107697
01107710
01107711
01107713
01107715
01107716
01107719
01107723
01107724
01107730
01107732
01107748
01107755
01107758
01107803
01107804
01107805
01107807
01107809
01107811
01107812
01107813
01107814
01107815
01107816
01107817
01107818
01107821
01107827
01107830
01107834
01107838
01107841
01107843
01107844
01107846
01107855
01107961
01107964
01107965
01107969
01107970
01107975
01107977
01107986
01108001
01108005
01108008
01108014
01108273
01108274
01108275
01108277
01108551
01108662
01108840
01108959
01108961
01108964
01108968
01108980
01109024
01109028
01109062
01109114
01109180
01109563
01109575
01109579
01109581
01109585
01109701
0110D010P5
01110156
01110157
01110181
01110198
01110248
01110320
01110321
01110323
01110332
01110335
01110339
01110341
01110344
01110345
01110352
01110360
01110365
01110370
01110485
01110487
01110490
01110493
01110496
01110501
01110504
01110507
01110509
01110510
01110511
01110515
01110519
01110522
01110523
01110527
01110529
01110531
01110538
01110561
01110577
01110579
01110584
01110622
01110645
01110658
01110682
01110683
01110686
01110688
01110692
01110713
01110725
01110729
01110755
01110757
01110764
01110786
01110790
01110804
01110832
01110844
01110857
01110859
01110891
01110900
01110908
01110956
01110957
01110958
01110959
01110960
01110965
01110967
01111032
01111064
01111071
01111079
01111090
01111101
01111102
01111132
01111136
01111145
01111158
01111168
01111174
01111177
01111186
01111200
01111207
01111269
01111298
01111308
01111319
01111334
01111336
01111345
01111351
01111359
01111368
01111504
01111525
01111557
01111592
01111595
01111870
01111875
01111888
01111904
01111917
01111939
01112179
01112193
01112201
01112206
01112207
01112215
01112216
01112232
01112240
01112261
01112264
01112267
01112279
01112285
01112286
01112291
01112292
01112295
01112301
01112307
01112313
01112320
01112322
01112326
01112333
01112339
01112341
01112349
01112350
01112354
01112356
01112358
01112373
01112384
01112386
01112389
01112418
01112429
01112439
01112447
01112466
01112490
01112515
01112536
01112547
01112550
01112560
01112624
01112670
01112679
01112687
01112693
01112697
01112767
01112787
01112796
01112803
01112813
01112823
01112824
01112841
01112858
01112873
01112886
01112912
01112916
01112943
01113136
01113156
01113172
01113175
01113189
01113350
01113352
01113355
01113359
01113361
01113390
01113398
01113399
01113401
01113410
01113426
01113435
01113464
01113476
01113480
01113490
01113497
01113500
01113501
01113511
01113516
01113526
01113545
01113564
01113574
01113578
01113588
01113599
01113660
01113668
01113679
01114357
01114379
01114381
01114490
01114556
01114611
01114915
01115057
01115301
01115315
01115392
01115393
01115394
01115396
01115397
01115399
01115403
01115405
01115406
01115407
01115411
01115417
01115420
01115439
01115458
01115907
01116022
01116027
01116621
01116622
01116623
01116624
01116628
01116629
01116635
01116636
01116637
01116648
01116649
01116650
01116651
01116655
01116669
01116670
01116677
01116680
01116713
01116731
01116733
01116735
01116749
01116751
01116757
01116895
01116947
01116948
01116949
01116950
01116955
01116957
01116959
01116960
01116962
01117204
01117511
01117513
01117514
01117515
01117516
01117517
01117519
01117521
01117525
01117527
01117532
01117538
01117539
01117548
01117549
01117550
01117551
01117861
01117928
01117935
01117949
01117952
01117964
01117979
01117985
01118325
01118390
01118634
01118636
01118637
01118639
01118641
01118643
01118645
01118646
01118647
01118650
01118654
01118658
01118659
01118662
01118664
01118668
01118669
01118672
01118673
01118675
01118680
01118681
01118687
01118688
01118693
01118699
01118700
01118707
01118713
01118718
01118730
01118736
01118737
01118760
01118797
01118936
01118960
01118963
01118964
01118971
01118984
01118998
01119008
01119053
01119122
01119180
01119195
01119246
01119613
01119806
01119819
01119821
01119823
0111KSM1
01120598
01120600
01120901
01120906
01120909
01121249
01121355
01121824
01121877
01122070
01122121
01122146
01122164
01122165
01122176
01122356
01122361
01122363
01122379
01122389
01122397
01122422
01122425
01122441
01122455
01122569
01122573
01122582
01122590
01122671
01122755
01122816
01122817
01122819
01122822
01122888
01122964
01122966
01123578
01123582
01123636
01123641
01123695
01123699
01123700
01123701
01123727
01123745
01123746
01123747
01123749
01123942
01123994
01124016
01124440
01124445
01124457
01124584
01124630
01124667
01124773
01124774
01124778
01124850
01124870
01124967
01125176
01125573
01125590
01125591
01125680
01125793
01125801
01125951
01125960
01125964
01126133
01126142
01126194
01126209
01126235
01126248
01126329
01126374
01126430
01126433
01126456
01126566
01126716
01126742
01126846
01126909
01126910
01126915
01126918
01126937
01126965
01126974
01126984
01127017
01127019
01127031
01127077
01127085
01127134
01127183
01127339
01127346
01127347
01127352
01127405
01127408
01127416
01127418
01127423
01127698
01127727
01128009
01128031
01128038
01128180
01128186
01128192
01128254
01128278
01128279
01128280
01128281
01128299
01128666
01128965
01129019
01129128
01129148
01129151
01129153
01129156
01129157
01129158
01129238
01129323
01130507
01130543
01130643
01130657
01130658
01130660
01130663
01130708
01130747
01130896
01130921
01131021
01131117
01131123
01131182
01132221
01132223
01132224
01132233
01132244
01132250
01132254
01132262
01132267
01132277
01132279
01132286
01132290
01132291
01132312
01132314
01132330
01132360
01132363
01132366
01132368
01132607
01132672
01132701
01132943
01133057
01133267
01133399
01133423
01133500
01133509
01133595
01133675
01133796
01133809
01133913
01134001
01134003
01134010
01134012
01134018
01134019
01134020
01134022
01134023
01134024
01134026
01134027
01134039
01134040
01134042
01134043
01134046
01134048
01134050
01134051
01134052
01134059
01134063
01134064
01134065
01134066
01134068
01134069
01134074
01134075
01134076
01134077
01134078
01134079
01134081
01134082
01134085
01134086
01134092
01134095
01134096
01134100
01134101
01134107
01134109
01134111
01134112
01134113
01134114
01134115
01134116
01134122
01134123
01134126
01134127
01134132
01134133
01134134
01134136
01134137
01134138
01134139
01134141
01134146
01134147
01134148
01134149
01134151
01134152
01134153
01134154
01134157
01134158
01134160
01134161
01134162
01134163
01134164
01134165
01134166
01134169
01134170
01134171
01134172
01134173
01134174
01134175
01134176
01134177
01134178
01134179
01134180
01134181
01134182
01134183
01134184
01134185
01134186
01134187
01134188
01134189
01134190
01134191
01134192
01134193
01134194
01134195
01134196
01134197
01134198
01134199
01134200
01134201
01134203
01134204
01134205
01134206
01134207
01134418
01134440
01134443
01134444
01134445
01134448
01134839
01136276
01136297
01136356
01136512
01136607
01136638
01136651
01136659
01136866
01136905
01136957
01136958
01136959
01136979
01137137
01137245
01137249
01137344
01137378
01137383
01137939
01138290
01138361
01138593
01138736
01138766
01138781
01139441
01139479
01139670
01140145
01140498
01142556
01143233
01143234
01143235
01143282
01143290
01143292
01143323
01143337
01143338
01143388
01143389
01143390
01143391
01143431
01143511
01143512
01143513
01143519
01143520
01143521
01143522
01143523
01143557
01143559
01143943
01143946
01143948
01144147
01144148
01144149
01151146
01151930
01152252
01152459
01157661
01160481
01160496
01160502
01160540
01160616
01160620
01160941
01161019
01161361
01161374
01161504
01161509
01161561
01161867
01162195
01162238
01162239
01162240
01162241
01162242
01162243
01162244
01162245
01162317
01162326
01162327
01162329
01162330
01162415
01162484
01162485
01162487
01162488
01162519
01162686
01162806
01163172
01163587
01163589
01163592
01163596
01163597
01163663
01163729
01163801
01164117
01164144
01164163
01164164
01164165
01164214
01164277
01164307
01164373
01164387
01164396
01164402
01164421
01164425
01164523
01164524
01164627
01164841
01164869
01164885
01164886
01164890
01164891
01164915
01165981
01165986
01165990
01165994
01165997
01166022
01166028
01166070
01166099
01166110
01166182
01166295
01166299
01166324
01166601
01166821
01166981
01167009
01167025
01167194
01167227
01167243
01167277
01167278
01167312
01167328
01167946
01167965
01167970
01168148
01168379
01169028
01169345
01169580
01169581
01169593
01169686
01169689
01169740
01169843
01170186
01170495
01170538
01171108
01171250
01171998
01172602
01172603
01172629
01173080
01173081
01173082
01173083
01173084
01173085
01173086
01173087
01173088
01173089
01173090
01173091
01173092
01173093
01173094
01173095
01173096
01173575
01173576
01173578
01173579
01173580
01173682
01173744
01174003
01174004
01174005
01174011
01174160
01174207
01174257
01174366
01174856
01175852
01175972
01176461
01177416
01177418
01177456
01177457
01177458
01177459
01177460
01177461
01179637
01179732
01179939
01179940
01179949
01179989
0118KSM1
0119KSM1
01202725
01206462
01211513
01211514
01211538
01213149
01213546
01213547
01213552
01213553
01214071
01214075
01214076
01214361
01215100
01215169
01215448
01216168
01218877
01220690
01221742
01226725
01231580
01231582
01231583
01242237
01243586
01243587
01243633
01243638
01243661
01243686
01243688
01243689
01243699
01243700
01243704
01243707
01243708
01243710
01243711
01243713
01243714
01243715
01243717
01243718
01243719
01243720
01243721
01243730
01243731
01243759
01243796
01243937
01243959
01243960
01243961
01243962
01243963
01243965
01243980
01243987
01244105
01244106
01244107
01244108
01244109
01244110
01244112
01244174
01244226
01244245
01244277
01244278
01244310
01244393
01244421
01244422
01244437
01244438
01244439
01244444
01244447
01244450
01244451
01244453
01244455
01244457
01244472
01244483
01244492
01244497
01244498
01244499
01244500
01244510
01244511
01244525
01244526
01244539
01244541
01244570
01244575
01244578
01244631
01244632
01244634
01246000
01246002
01246003
01246005
01246006
01246007
01246009
01246010
01246011
01246012
01246013
01246014
01246017
01246018
01246019
01246020
01246021
01246022
01246023
01246029
01246030
01246032
01246037
01246040
01246041
01246042
01246043
01246044
01246045
01246046
01246048
01246051
01246052
01246054
01246055
01246057
01246058
01246059
01246060
01246061
01246063
01246067
01246072
01246074
01246077
01246078
01246079
01246080
01246081
01246082
01246083
01246084
01246085
01246086
01246087
01246088
01246090
01246091
01246092
01246093
01246094
01246095
01246096
01246097
01246098
01246099
01246100
01246101
01246102
01246103
01246105
01246106
01246108
01246117
01246120
01246121
01246123
01246124
01246125
01246127
01246128
01246129
01246130
01246131
01246132
01246133
01246134
01246135
01246136
01246137
01246138
01246139
01246140
01246141
01246142
01246143
01246144
01246145
01246146
01246147
01246148
01246149
01246150
01246152
01246153
01246154
01246158
01246162
01246163
01246164
01246165
01246166
01246167
01246168
01246169
01246170
01246171
01246172
01246174
01265273
01266037
01266063
01278252
01279207
01293775
01297698
01315002
01315016
01315017
01315022
01315024
01315027
01315028
01315047
01315048
01315049
01315050
01315051
01315052
01315053
01315054
01315055
01315056
01315057
01315059
01315060
01315061
01315062
01315063
01315067
01315069
01315070
01315071
01315074
01315075
01315076
01315077
01315078
01315079
01315080
01315081
01315082
01315083
01315085
01315086
01315087
01315088
01315089
01315090
01315091
01315092
01315093
01315094
01315095
01315096
01315097
01315098
01315099
01315100
01315101
01315102
01315103
01315104
01315105
01315106
01315107
01315108
01315109
01315110
01315111
01315112
01315113
01315115
01315116
01315117
01315118
01315119
01315120
01315121
01315122
01315123
01315124
01315125
01315126
01315127
01315128
01315129
01315130
01315131
01315133
01315134
01315137
01315138
01315142
01315143
01315144
01315145
01315146
01315148
01315149
01315153
01315154
01315155
01315157
01315158
01315160
01315162
01315163
01315164
01315166
01315167
01315168
01315170
01315171
01315172
01315173
01315174
01315175
01315176
01315177
01315180
01315181
01315190
01315191
01315193
01315199
01315204
01315205
01315206
01315207
01315208
01315209
01315210
01315211
01315217
01315219
01315220
01315221
01315222
01315226
01315227
01315228
01315229
01315236
01315242
01315245
01315247
01315248
01315249
01315256
01315257
01315258
01315259
01315260
01315261
01315262
01315265
01315274
01315277
01315278
01315279
01315282
01315284
01315285
01315288
01315289
01315290
01315291
01315292
01315302
01315306
01315307
01315310
01315317
01315320
01315323
01315329
01315360
01315362
01315363
01315364
01315365
01315366
01315367
01315368
01315369
01315371
01315372
01315380
01315381
01315382
01315383
01315385
01315386
01315387
01315388
01315389
01315390
01315391
01315392
01315393
01315394
01315395
01315398
01315399
01315400
01315401
01315402
01315403
01315404
01315405
01315406
01315407
01315408
01315409
01315411
01315412
01315413
01315414
01315415
01315416
01315417
01315418
01315419
01315420
01315421
01315422
01315423
01315424
01315425
01315426
01315427
01315428
01315429
01315430
01315431
01315432
01315433
01315434
01315435
01315436
01315437
01315438
01315439
01315440
01315441
01315442
01315443
01315444
01315445
01315446
01315447
01315448
01315449
01315450
01315451
01315452
01315453
01315454
01315455
01315456
01315457
01315458
01315459
01315460
01315461
01315462
01315463
01315464
01315465
01315466
01315467
01315468
01315469
01315470
01315471
01315472
01315473
01315474
01315475
01315476
01315477
01315478
01315479
01315480
01315481
01315482
01315483
01315484
01315485
01315486
01315487
01315488
01315489
01315490
01315491
01315492
01315493
01315494
01315495
01315496
01315497
01315498
01315499
01315500
01315501
01315502
01315503
01315504
01315505
01315506
01315507
01315508
01315509
01315510
01315511
01315512
01315513
01315514
01315515
01315516
01315517
01315518
01315519
01315520
01315521
01315522
01315523
01315524
01315525
01315526
01315527
01315528
01315529
01315530
01315531
01315532
01315533
01315534
01315535
01315536
01315537
01315538
01315539
01315540
01315541
01315542
01315543
01315544
01315545
01315546
01315547
01315548
01315549
01315550
01315551
01315552
01315553
01315554
01315555
01315556
01315557
01315558
01315559
01315560
01315561
01315562
01315563
01315564
01315565
01315566
01315567
01315568
01315569
01315586
01315587
01315588
01315589
01315590
01315591
01315592
01315593
01315594
01315595
01315596
01315597
01315598
01315599
01315600
01315601
01315602
01315603
01315604
01315605
01315606
01315607
01315608
01315609
01315610
01315611
01315612
01315613
01315614
01315615
01315616
01315617
01315618
01315621
01315622
01315623
01315624
01315626
01315627
01315629
01315732
01315733
01315734
01315735
01315737
01315738
01315739
01315740
01315741
01315742
01315743
01315746
01315747
01315748
01315749
01315750
01315751
01315753
01315754
01315755
01315756
01315759
01315760
01315761
01315762
01315763
01315767
01315768
01380011
01380012
01380013
01380014
01380016
01380017
01380018
01380021
01380022
01380023
01380024
01380025
01380028
01380029
01380033
01380035
01380097
01380109
01380146
01380149
01380164
01380368
01380369
01380397
01380655
01380670
01380769
01380796
01380800
01381061
01381080
01381360
01381410
01381411
01381430
01381434
01381437
01381492
01381498
01381504
01381524
01381627
01381822
01381826
01381827
01381828
01381834
01381842
01381862
01381866
01381874
01381964
01382155
01382158
01382209
01382364
01382366
01382367
01382617
01382954
01382967
01382972
01382975
01382989
01383033
01383247
01383250
01383251
01383253
01383361
01383362
01383378
01383381
01383382
01383408
01383412
01383415
01383419
01383483
01383484
01383488
01383491
01383499
01383508
01383606
01383650
01383651
01383685
01383686
01383693
01383701
01383728
01383729
01383730
01383731
01383734
01383745
01383788
01383814
01383819
01383848
01383851
01383854
01383856
01383858
01383859
01383862
01383879
01383884
01384001
01384009
01384032
01384052
01384054
01384055
01384057
01384058
01384097
01384098
01384217
01384223
01384314
01384323
01384343
01384351
01384353
01384459
01384462
01384497
01384507
01384599
01384627
01384644
01384646
01384738
01384790
01384843
01384948
01384965
01384970
01384971
01384973
01384977
01384979
01385131
01385134
01385152
01385553
01385554
01385741
01385760
01385978
01386189
01386255
01386256
01386258
01386336
01386471
01386474
01386508
01386534
01386535
01386536
01386537
01386741
01386785
01386824
01386937
01386938
01386939
01386940
01386942
01386943
01386944
01386950
01386951
01386952
01386953
01386954
01386955
01386956
01386957
01386958
01386959
01386960
01386961
01386962
01386965
01386966
01386967
01386970
01386971
01386973
01386974
01386975
01386981
01386986
01386989
01386998
01387005
01387006
01387007
01387008
01387009
01387010
01387012
01387013
01387017
01387018
01387019
01387020
01387021
01387024
01387025
01387026
01387027
01387028
01387029
01387030
01387031
01387032
01387034
01387038
01387040
01387041
01387042
01387046
01387047
01387048
01387049
01387050
01387051
01387054
01387056
01387061
01387063
01387064
01387068
01387069
01387071
01387073
01387076
01387077
01387078
01387080
01387082
01387083
01387085
01387086
01387087
01387088
01387091
01387092
01387094
01387099
01387100
01387101
01387112
01387113
01387114
01387115
01387116
01387117
01387118
01387121
01387122
01387123
01387124
01387125
01387127
01387128
01387130
01387132
01387135
01387136
01387139
01387141
01387142
01387145
01387147
01387148
01387149
01387150
01387151
01387152
01387153
01387154
01387156
01387157
01387158
01387159
01387160
01387161
01387162
01387163
01387164
01387165
01387168
01387170
01387179
01387182
01387198
01387202
01387203
01387204
01387207
01387209
01387210
01387211
01387212
01387213
01387215
01387216
01387217
01387218
01387219
01387220
01387222
01387223
01387224
01387228
01387243
01387246
01387247
01387248
01387250
01387252
01387253
01387254
01387255
01387256
01387257
01387258
01387259
01387260
01387264
01387266
01387267
01387268
01387269
01387276
01387278
01387281
01387282
01387284
01387285
01387286
01387290
01387291
01387293
01387295
01387297
01387299
01387305
01387311
01387328
01387329
01387330
01387370
01387371
01387372
01387373
01387375
01387378
01387379
01387380
01387382
01387384
01387386
01387388
01387390
01387391
01387393
01387395
01387396
01387399
01387406
01387412
01387413
01387422
01387426
01387431
01387442
01387445
01387451
01387453
01387456
01387462
01387464
01387467
01387468
01387475
01387476
01387478
01387479
01387481
01387482
01387483
01387484
01387485
01387486
01387489
01387493
01387496
01387497
01387498
01387500
01387521
01387522
01387525
01387527
01387529
01387531
01387532
01387533
01387539
01387540
01387550
01387551
01387552
01387554
01387555
01387556
01387557
01387560
01387563
01387564
01387565
01387567
01387571
01387582
01387583
01387585
01387591
01387596
01387597
01387598
01387599
01387600
01387601
01387623
01387624
01387625
01387627
01387628
01387629
01387630
01387631
01387632
01387633
01387635
01387636
01387637
01387638
01387640
01387644
01387647
01387653
01387656
01387657
01387661
01387663
01387664
01387675
01387676
01387677
01387678
01387679
01387681
01387683
01387684
01387685
01387689
01387690
01387691
01387693
01387694
01387695
01387696
01387697
01387700
01387701
01387702
01387703
01387705
01387707
01387708
01387710
01387711
01387712
01387713
01387714
01387716
01387717
01387718
01387719
01387720
01387721
01387722
01387723
01387732
01387735
01387737
01387740
01387742
01387743
01387744
01387746
01387747
01387748
01387751
01387753
01387754
01387755
01387756
01387757
01387758
01387759
01387760
01387762
01387763
01387764
01387765
01387767
01387769
01387774
01387783
01387784
01387785
01387786
01387787
01387788
01387789
01387790
01387794
01387795
01387797
01387798
01387799
01387800
01387801
01387802
01387803
01387804
01387805
01387808
01387810
01387811
01387812
01387813
01387814
01387816
01387817
01387818
01387820
01387821
01387822
01387823
01387825
01387826
01387827
01387840
01387841
01387842
01387845
01387846
01387850
01387852
01387854
01387856
01387858
01387859
01387861
01387862
01387863
01387864
01387865
01387866
01387872
01387876
01387878
01387879
01387882
01387885
01387896
01387897
01387899
01387900
01387901
01387902
01387905
01387906
01387907
01387908
01387909
01387910
01387911
01387912
01387913
01387914
01387915
01387916
01387917
01387918
01387919
01387920
01387921
01387922
01387924
01387925
01387926
01387927
01387928
01387930
01387931
01387932
01387933
01387934
01387935
01387936
01387937
01387938
01387939
01387940
01387941
01387942
01387943
01387944
01387948
01387949
01387950
01387952
01387953
01387955
01387956
01387959
01387961
01387962
01387963
01387964
01387966
01387969
01387971
01387972
01387973
01387975
01387976
01387978
01387979
01387980
01387981
01387983
01387984
01387986
01387996
01387997
01387998
01388445
01388657
01388761
01388764
01389007
01389010
01389011
01389012
01389013
01389014
01389017
01389018
01389025
01389027
01389040
01389041
01389042
01389043
01389044
01389045
01389046
01389047
01389048
01389049
01389050
01389051
01389055
01389057
01389059
01389061
01389062
01389063
01389064
01389065
01389067
01389068
01389070
01389074
01389078
01389079
01389083
01389084
01389087
01389090
01389091
01389092
01389093
01389094
01389096
01389097
01389098
01389105
01389193
01389194
01389201
01389210
01389212
01389217
01389219
01389231
01389232
01389235
01389239
01389240
01389244
01389245
01389246
01389254
01389255
01389256
01389257
01389258
01389262
01389270
01389271
01389273
01389275
01389278
01389279
01389281
01389283
01389285
01389286
01389287
01389288
01389289
01389290
01389292
01389293
01389294
01389295
01389296
01389297
01389301
01389302
01389303
01389315
01389316
01389317
01389319
01389321
01389325
01389327
01389328
01389334
01389336
01389339
01389340
01389345
01389349
01389351
01389352
01389353
01389359
01389367
01389373
01389374
01389388
01389394
01389395
01389406
01389409
01389412
01389419
01389420
01389421
01389438
01389439
01389453
01389456
01389458
01389460
01389461
01389462
01389464
01389465
01389466
01389469
01389472
01389475
01389476
01389479
01389482
01389486
01389492
01389493
01389495
01389509
01389510
01389511
01389512
01389514
01389521
01389522
01389524
01389525
01389526
01389529
01389531
01389534
01389535
01389542
01389547
01389548
01389555
01389558
01389559
01389560
01389563
01389564
01389565
01389566
01389577
01389579
01389601
01389604
01389605
01389606
01389608
01389609
01389610
01389611
01389613
01389614
01389615
01389616
01389617
01389618
01389619
01389620
01389621
01389622
01389623
01389624
01389625
01389626
01389627
01389628
01389630
01389633
01389634
01389635
01389636
01389645
01389646
01389651
01389652
01389654
01389734
01389736
01389737
01389739
01389740
01390040
01390051
01390124
01390125
01390130
01390131
01390489
01390674
01390871
01390882
01391285
01391524
01392501
01392502
01392503
01392504
01392505
01392506
01392507
01392508
01392509
01392511
01392512
01392515
01392516
01392517
01392520
01392523
01392525
01392527
01392528
01392529
01392533
01392534
01392537
01392538
01392539
01392540
01392541
01392542
01392543
01392544
01392545
01392547
01392548
01392549
01392550
01392551
01392552
01392553
01392554
01392556
01392557
01392558
01392560
01392561
01392562
01392563
01392564
01392565
01392566
01392567
01392568
01392569
01392570
01392571
01392572
01392573
01392574
01392575
01392576
01392577
01392578
01392579
01392580
01392581
01392582
01392583
01392584
01392585
01392586
01392587
01392588
01392589
01392590
01392591
01392594
01392596
01392597
01392598
01392599
01392600
01392602
01392603
01392605
01392606
01392612
01392613
01392618
01392619
01392620
01392621
01392622
01392623
01392631
01392634
01392635
01392637
01392638
01392639
01392640
01392641
01392644
01392646
01392648
01392649
01392651
01392652
01392654
01392656
01392657
01392658
01392660
01392661
01392662
01392663
01392664
01392685
01392687
01392692
01392693
01392696
01392698
01392699
01392701
01392703
01392704
01392705
01392706
01392707
01392708
01392711
01392714
01392716
01392719
01392722
01392723
01392737
01392742
01392744
01392745
01392746
01392747
01392748
01392750
01392751
01392752
01392753
01392754
01392755
01392761
01392763
01392764
01392765
01392766
01392767
01392768
01392771
01392775
01392776
01392777
01392778
01392783
01392788
01392789
01392790
01392791
01392792
01392793
01392794
01392795
01392796
01392797
01392798
01392800
01392801
01392803
01392804
01392805
01392806
01392809
01392810
01392811
01392812
01392813
01392814
01392816
01392817
01392818
01392820
01392821
01392824
01392825
01392826
01392827
01392828
01392829
01392830
01392831
01392832
01392835
01392838
01392840
01392843
01392844
01392846
01392847
01392848
01392850
01392851
01392852
01392853
01392854
01392855
01392856
01392857
01392859
01392861
01392863
01392864
01392865
01392866
01392867
01392868
01392869
01392870
01392871
01392872
01392873
01392877
01392880
01392881
01392882
01392883
01392884
01392885
01392887
01392888
01392889
01392890
01392891
01392892
01392893
01392894
01392896
01392897
01392898
01392899
01392900
01392902
01392905
01392908
01392909
01392910
01392911
01392912
01392913
01392914
01392915
01392916
01392917
01392919
01392920
01392921
01392922
01392924
01392926
01392927
01392928
01392930
01392931
01392933
01392935
01392937
01392939
01392941
01392942
01392944
01392945
01392946
01392947
01392948
01392950
01392951
01392953
01392961
01392962
01392963
01392964
01392966
01392967
01392968
01392969
01392971
01392972
01392973
01392974
01392975
01392978
01392979
01392981
01392983
01392984
01392985
01392986
01392987
01392988
01392989
01392990
01392991
01392992
01392993
01392994
01392995
01392996
01392997
01392998
01392999
01393374
01393375
01393376
01393601
01393624
01393656
01393657
01393659
01393688
01393689
01393690
01394501
01394502
01394503
01394505
01394507
01394509
01394511
01394513
01394514
01394515
01394516
01394519
01394520
01394521
01394522
01394524
01394525
01394526
01394527
01394528
01394530
01394532
01394533
01394534
01394535
01394537
01394538
01394540
01394541
01394542
01394544
01394545
01394546
01394547
01394548
01394549
01394550
01394551
01394552
01394553
01394554
01394555
01394556
01394557
01394558
01394559
01394560
01394561
01394562
01394563
01394571
01394572
01394573
01394574
01394575
01394576
01394577
01394578
01394579
01394581
01394582
01394583
01394585
01394586
01394587
01394588
01394589
01394590
01394591
01394593
01394594
01394595
01394597
01394598
01394599
01394600
01394602
01394603
01394604
01394605
01394606
01394608
01394609
01394610
01394611
01394612
01394613
01394614
01394615
01394616
01394617
01394618
01394619
01394620
01394621
01394622
01394623
01394624
01394625
01394629
01394630
01394631
01394632
01394633
01394634
01394635
01394636
01394637
01394638
01394639
01394640
01394641
01394642
01394643
01394645
01394646
01394647
01394648
01394650
01394651
01394652
01394653
01394655
01394656
01394657
01394659
01394660
01394661
01394662
01394663
01394664
01394665
01394667
01394676
01394679
01394680
01394682
01394683
01394684
01394685
01394688
01394689
01394691
01394692
01394693
01394694
01394695
01394697
01394698
01394699
01394700
01394701
01394702
01394704
01394706
01394707
01394712
01394713
01394715
01394716
01394723
01394748
01394751
01394756
01394757
01394758
01394765
01394766
01394768
01394769
01394770
01394771
01394773
01394776
01394778
01394780
01394782
01394783
01394784
01394789
01394790
01394791
01394792
01394793
01394794
01394796
01394797
01394799
01394801
01394802
01394806
01394807
01394809
01394810
01394811
01394812
01394813
01394814
01394815
01394816
01394817
01394818
01394819
01394820
01394821
01394822
01394823
01394824
01394825
01394826
01394827
01394828
01394829
01394830
01394831
01394832
01394833
01394834
01394835
01394836
01394837
01394838
01394839
01394840
01394841
01394842
01394843
01394844
01394845
01394846
01394847
01394848
01394849
01394850
01394851
01394852
01394853
01394854
01394855
01394856
01394857
01394858
01394859
01394860
01394861
01394862
01394863
01394864
01394865
01394866
01394867
01394868
01394869
01394870
01394871
01394872
01394873
01394874
01394875
01394876
01394877
01394880
01394881
01394882
01394883
01394884
01394885
01394886
01394887
01394888
01394889
01394891
01394892
01394893
01394894
01394895
01394896
01394897
01394898
01394899
01394900
01394901
01394902
01394903
01394904
01394905
01394906
01394907
01394908
01394909
01394910
01394911
01394912
01394913
01394914
01394915
01394916
01394917
01394918
01394919
01394920
01394921
01394922
01394923
01394924
01394925
01394926
01394927
01394928
01394929
01394930
01394931
01394932
01394933
01394934
01394935
01394936
01394937
01394938
01394939
01395055
01395056
01395061
01395089
01395101
01395102
01395103
01395104
01395109
01395111
01395112
01395113
01395120
01395164
01395165
01395166
01395227
01395239
01395270
01395271
01395300
01395329
01395348
01395349
01395350
01395364
01395365
01395385
01395386
01395521
01395526
01395527
01395535
01395536
01395537
01395538
01395543
01395562
01395607
01395618
01395631
01395632
01395633
01395636
01395646
01395649
01395651
01395653
01395654
01395664
01395706
01395734
01395735
01395737
01395740
01395744
01395759
01395760
01395761
01395762
01395773
01395774
01395776
01395780
01396641
01396642
01396645
01396649
01396664
01396741
01396755
01396786
01396789
01396810
01396811
01396815
01396835
01396864
01396895
01396898
01396913
01396914
01396917
01396980
01396982
01396992
01397697
01398175
01398179
01398180
01398181
01398182
01398183
01398184
01398185
01398188
01398190
01398191
01398192
01398193
01398194
01398195
01398196
01398199
01398200
01398201
01398202
01398213
01398230
01398233
01398248
01398253
01398268
01398269
01398270
01398304
01398305
01398335
01400695
01402000
01402001
01402002
01402003
01402004
01402005
01402006
01402031
01402109
01402110
01402111
01402114
01402115
01402116
01402118
01402119
01402120
01402121
01402123
01402124
01402127
01402209
01402210
01402211
01402212
01402213
01402214
01402215
01402216
01402217
01402218
01402220
01402223
01402224
01402251
01402252
01402253
01402254
01402300
01402307
01402341
01402400
01402401
01402403
01402404
01402405
01402406
01402407
01402408
01402409
01402410
01402411
01402412
01402413
01402414
01402415
01402416
01402417
01402418
01402419
01402420
01402421
01402422
01402441
01402442
01402443
01402444
01402446
01402447
01402448
01402449
01402450
01402451
01402452
01402453
01402454
01402455
01402456
01402463
01402466
01402468
01402469
01402470
01402472
01402476
01402478
01402479
01404352
01404832
01404833
01404854
01404855
01404858
02889778
10001501
10001502
10001503
10001504
10001505
10001506
10001507
10001508
10001509
10001510
10001511
10001512
10001513
10001514
10001515
10001516
10001517
10001518
10001519
10001520
10001521
10001522
10001523
10001524
10001525
10001526
10001527
10001529
10001530
10001531
10001532
10001533
10001534
10001535
10001536
10001537
10001538
10001539
10001540
10001541
10001542
10001543
10001544
10001545
10001546
10001547
10001548
10001549
10001550
10001551
10001552
10001553
10001554
10001555
10001556
10001557
10001558
10001559
10001560
10001561
10001562
10001563
10001564
10001565
10001566
10001567
10001568
10001569
10001570
10001571
10001572
10001573
10001574
10001575
10001576
10001577
10001578
10001579
10001580
10001581
10001582
10001583
10001584
10001585
10001586
10001587
10001588
10001589
10001590
10001591
10001592
10001593
10001594
10001595
10001596
10001597
10001598
10001599
10001600
10001601
10001602
10001603
10001604
10001605
10001606
10001607
10001608
10001609
10001610
10001611
10001612
10001613
10001614
10001615
10001616
10001617
10001618
10001619
10001620
10001621
10001622
10001623
10001624
10001625
10001626
10001627
10001628
10001629
10001630
10001631
10001632
10001633
10001634
10001635
10001636
10001637
10001638
10001639
10001640
10001641
10001642
10001643
10001644
10001645
10001646
10001647
10001648
10001649
10001650
10001651
10001652
10001653
10001654
10001655
10001656
10001657
10001658
10001659
10001660
10001661
10001662
10001663
10001664
10001665
10001666
10001667
10001668
10001669
10001670
10001671
10001672
10001673
10001674
10001675
10001676
10001677
10001678
10001679
10001680
10001681
10001682
10001683
10001684
10001685
10001686
10001687
10001688
10001689
10001690
10001691
10001692
10001693
10001694
10001695
10001696
10001697
10001698
10001699
10001700
10001701
10001702
10001703
10001704
10001705
10001706
10001707
10001708
10001709
10001710
10001711
10001712
10001713
10001714
10001715
10001716
10001717
10001718
10001719
10001720
10001721
10001722
10001723
10001724
10001725
10001726
10001727
10001728
10001729
10001730
10001731
10001732
10001733
10001734
10001735
10001736
10001737
10001738
10001739
10001740
10001741
10001742
10001743
10001744
10001745
10001746
10001747
10001748
10001749
10001750
10001751
10001752
10001753
10001754
10001755
10001756
10001757
10001758
10001759
10001760
10001761
10001762
10001763
10001764
10001765
10001766
10001767
10001768
10001769
10001770
10001771
10001772
10001773
10001774
10001775
10001776
10001777
10001778
10001779
10001780
10001781
10001782
10001783
10001784
10001785
10001786
10001787
10001788
10001789
10001790
10001791
10001792
10001793
10001794
10001795
10001796
10001797
10001798
10001799
10001800
10001801
10001802
10001803
10001804
10001810
10001811
10001812
10001813
10001814
10001815
10001816
10001817
10001818
10001819
10001820
10001821
10001823
10001824
10001825
10001826
10001827
10001828
10001829
10001830
10001831
10001832
10001833
10001834
10001835
10001837
10001838
10001839
10001840
10001841
10001842
10001843
10001844
10001845
10001846
10001847
10001848
10001849
10001850
10001851
10001852
10001853
10001854
10001855
10001856
10001857
10001858
10001859
10001860
10001861
10001862
10001863
10001864
10001865
10001866
10001867
10001868
10001869
10001870
10001871
10001872
10001873
10001877
10001878
10001879
10001880
10001881
10001882
10001883
10001884
10001885
10001886
10001887
10001888
10001889
10001890
10001891
10001892
10001894
10001895
10001896
10001897
10001898
10001899
10001900
10001901
10001902
10001903
10001904
10001905
10001906
10001907
10001908
10001909
10001910
10001911
10001912
10001913
10001914
10001915
10001916
10001917
10001918
10001919
10001920
10001921
10001922
10001923
10001924
10001925
10001926
10001927
10001928
10001929
10001930
10001931
10001932
10001933
10001934
10001935
10001936
10001937
10001938
10001939
10001940
10001941
10001942
10001943
10001944
10001945
10001946
10001947
10001948
10001949
10001950
10001951
10001952
10001953
10001954
10001955
10001956
10001957
10001958
10001959
10001960
10001961
10001962
10001963
10001964
10001965
10001966
10001967
10001968
10001969
10001970
10001971
10001972
10001973
10001974
10001975
10001976
10001977
10001978
10001979
10001980
10001981
10001982
10001983
10001984
10001985
10001986
10001987
10001988
10001989
10001990
10001991
10001992
10001993
10001994
10001995
10001996
10001997
10001998
10001999
10002000
10002001
10002002
10002003
10002004
10002005
10002006
10002007
10002008
10002009
10002010
10002011
10002012
10002013
10002015
10002016
10002017
10002018
10002019
10002020
10002021
10002022
10002023
10002024
10002025
10002026
10002027
10002028
10002029
10002030
10002031
10002032
10002033
10002034
10002035
10002036
10002037
10002038
10002039
10002040
10002041
10002042
10002043
10002044
10002045
10002046
10002047
10002048
10002049
10002050
10002051
10002052
10002053
10002054
10002055
10002056
10002057
10002058
10002059
10002060
10002061
10002062
10002063
10002064
10002065
10002066
10002067
10002068
10002069
10002070
10002071
10002072
10002073
10002074
10002075
10002076
10002077
10002078
10002079
10002080
10002081
10002082
10002083
10002084
10002085
10002086
10002087
10002088
10002089
10002090
10002091
10002092
10002093
10002094
10002095
10002096
10002097
10002098
10002099
10002100
10002101
10002102
10002103
10002104
10002105
10002106
10002107
10002108
10002109
10002110
10002111
10002112
10002113
10002114
10002115
10002116
10002117
10002118
10002119
10002120
10002121
10002122
10002123
10002124
10002125
10002126
10002127
10002128
10002129
10002130
10002131
10002132
10002133
10002134
10002135
10002136
10002137
10002138
10002139
10002140
10002141
10002142
10002143
10002144
10002145
10002146
10002147
10002148
10002149
10002150
10002151
10002152
10002153
10002154
10002155
10002156
10002157
10002158
10002159
10002160
10002161
10002162
10002163
10002164
10002165
10002166
10002167
10002168
10002169
10002170
10002171
10002172
10002173
10002174
10002175
10002176
10002177
10002178
10002179
10002180
10002181
10002182
10002183
10002184
10002185
10002186
10002187
10002188
10002189
10002190
10002191
10002192
10002193
10002194
10002195
10002196
10002197
10002198
10002199
10002200
10002201
10002202
10002203
10002204
10002205
10002206
10002207
10002208
10002209
10002210
10002211
10002212
10002213
10002214
10002215
10002216
10002217
10002218
10002219
10002220
10002221
10002222
10002223
10002224
10002225
10002226
10002227
10002228
10002229
10002230
10002231
10002232
10002233
10002234
10002235
10002236
10002237
10002238
10002239
10002240
10002241
10002242
10002243
10002244
10002245
10002246
10002247
10002248
10002249
10002250
10002251
10002252
10002253
10002254
10002255
10002256
10002257
10002258
10002259
10002260
10002261
10002262
10002263
10002264
10002265
10002266
10002267
10002268
10002269
10002270
10002271
10002272
10002273
10002274
10002275
10002276
10002277
10002278
10002279
10002280
10002281
10002282
10002283
10002284
10002286
10002287
10002288
10002289
10002290
10002291
10002292
10002293
10002294
10002295
10002296
10002297
10002298
10002299
10002300
10002301
10002302
10002303
10002304
10002305
10002306
10002307
10002308
10002309
10002310
10002311
10002312
10002313
10002314
10002315
10002316
10002317
10002318
10002319
10002320
10002321
10002322
10002323
10002324
10002325
10002326
10002327
10002328
10002329
10002330
10002331
10002332
10002333
10002334
10002335
10002336
10002337
10002338
10002339
10002340
10002341
10002342
10002343
10002344
10002345
10002346
10002347
10002348
10002349
10002350
10002351
10002352
10002353
10002354
10002355
10002356
10002357
10002358
10002359
10002360
10002361
10002362
10002363
10002364
10002365
10002366
10002367
10002368
10002369
10002370
10002371
10002372
10002373
10002374
10002375
10002376
10002377
10002378
10002379
10002380
10002381
10002382
10002383
10002384
10002385
10002386
10002387
10002388
10002389
10002390
10002391
10002392
10002393
10002394
10002395
10002396
10002397
10002398
10002399
10002400
10002401
10002402
10002403
10002404
10002405
10002406
10002407
10002408
10002409
10002410
10002411
10002412
10002413
10002414
10002418
10002419
10002420
10002421
10002422
10002423
10002424
10002425
10002426
10002427
10002428
10002429
10002430
10002431
10002432
10002433
10002434
10002435
10002436
10002437
10002438
10002439
10002440
10002441
10002442
10002443
10002444
10002445
10002446
10002447
10002448
10002449
10002450
10002451
10002452
10002453
10002454
10002455
10002456
10002457
10002458
10002459
10002460
10002461
10002462
10002463
10002464
10002465
10002466
10002467
10002468
10002469
10002470
10002471
10002472
10002473
10002474
10002475
10002476
10002477
10002478
10002479
10002480
10002481
10002482
10002483
10002484
10002485
10002486
10002487
10002488
10002489
10002490
10002491
10002492
10002493
10002494
10002495
10002496
10002497
10002498
10002499
10002500
10002501
10002502
10002503
10002504
10002505
10002506
10002507
10002508
10002509
10002510
10002511
10002512
10002513
10002514
10002515
10002516
10002517
10002518
10002519
10002520
10002521
10002522
10002523
10002524
10002525
10002526
10002527
10002528
10002529
10002530
10002531
10002532
10002533
10002534
10002535
10002536
10002537
10002538
10002539
10002540
10002541
10002542
10002543
10002544
10002545
10002546
10002547
10002548
10002549
10002550
10002551
10002552
10002553
10002554
10002555
10002556
10002557
10002558
10002559
10002560
10002561
10002562
10002563
10002564
10002565
10002566
10002567
10002568
10002569
10002570
10002571
10002572
10002573
10002574
10002575
10002576
10002577
10002578
10002579
10002580
10002581
10002582
10002583
10002584
10002585
10002586
10002587
10002588
10002589
10002590
10002591
10002592
10002593
10002594
10002595
10002596
10002597
10002598
10002599
10002600
10002601
10002602
10002603
10002604
10002605
10002606
10002607
10002608
10002609
10002610
10002611
10002612
10002613
10002614
10002615
10002616
10002617
10002618
10002619
10002620
10002621
10002622
10002623
10002624
10002625
10002626
10002627
10002628
10002629
10002630
10002631
10002632
10002633
10002634
10002635
10002636
10002637
10002638
10002639
10002640
10002641
10002642
10002643
10002644
10002645
10002646
10002647
10002648
10002649
10002650
10002651
10002652
10002653
10002654
10002655
10002656
10002657
10002658
10002659
10002660
10002661
10002662
10002663
10002664
10002665
10002666
10002667
10002668
10002669
10002670
10002671
10002672
10002673
10002674
10002675
10002676
10002677
10002678
10002679
10002680
10002681
10002682
10002683
10002684
10002685
10002686
10002687
10002688
10002689
10002690
10002691
10002692
10002693
10002694
10002695
10002696
10002697
10002698
10002699
10002700
10002701
10002702
10002703
10002704
10002705
10002706
10002707
10002708
10002709
10002710
10002711
10002712
10002713
10002714
10002715
10002716
10002717
10002718
10002719
10002720
10002721
10002722
10002723
10002724
10002725
10002726
10002727
10002728
10002729
10002730
10002731
10002732
10002733
10002734
10002735
10002736
10002737
10002738
10002739
10002740
10002741
10002742
10002743
10002744
10002745
10002746
10002747
10002748
10002749
10002750
10002751
10002752
10002753
10002754
10002755
10002756
10002757
10002758
10002759
10002760
10002761
10002762
10002763
10002764
10002765
10002766
10002767
10002768
10002769
10002770
10002771
10002772
10002773
10002774
10002775
10002776
10002777
10002778
10002779
10002780
10002781
10002782
10002783
10002784
10002785
10002786
10002787
10002788
10002789
10002790
10002791
10002792
10002793
10002794
10002795
10002796
10002797
10002798
10002799
10002800
10002801
10002802
10002803
10002804
10002805
10002806
10002807
10002808
10002809
10002810
10002811
10002812
10002813
10002814
10002815
10002816
10002817
10002818
10002819
10002820
10002821
10002822
10002823
10002824
10002825
10002826
10002827
10002828
10002829
10002830
10002831
10002832
10002833
10002834
10002835
10002836
10002837
10002838
10002839
10002840
10002841
10002842
10002843
10002844
10002845
10002846
10002847
10002848
10002849
10002850
10002851
10002852
10002853
10002854
10002855
10002856
10002857
10002858
10002859
10002860
10002861
10002862
10002863
10002864
10002865
10002866
10002867
10002868
10002869
10002870
10002871
10002872
10002873
10002874
10002875
10002876
10002877
10002878
10002879
10002882
10002883
10002884
10002885
10002886
10002887
10002888
10002889
10002890
10002891
10002894
10002895
10002896
10002897
10002898
10002899
10002900
10002901
10002902
10002904
10002905
10002906
10002907
10002908
10002909
10002910
10002911
10002912
10002913
10002914
10002915
10002916
10002917
10002918
10002919
10002920
10002921
10002922
10002923
10002924
10002925
10002926
10002927
10002928
10002929
10002930
10002931
10002932
10002933
10002934
10002935
10002936
10002937
10002938
10002939
10002940
10002941
10002942
10002943
10002944
10002945
10002946
10002947
10002948
10002949
10002950
10002951
10002952
10002953
10002954
10002956
10002957
10002958
10002959
10002960
10002961
10002964
10002965
10002966
10002967
10002968
10002969
10002970
10002971
10002972
10002974
10002975
10002976
10002977
10002978
10002979
10002980
10002981
10002982
10002983
10002984
10002985
10002986
10002987
10002988
10002989
10002990
10002991
10002992
10002993
10002994
10002995
10002996
10002997
10002998
10002999
10003000
10003001
10003002
10003003
10003004
10003006
10003007
10003008
10003009
10003011
10003012
10003013
10003014
10003015
10003017
10003018
10003019
10003021
10003022
10003023
10003024
10003025
10003026
10003027
10003028
10003029
10003030
10003031
10003032
10003033
10003034
10003035
10003036
10003037
10003038
10003039
10003040
10003041
10003042
10003043
10003044
10003045
10003046
10003047
10003048
10003049
10003050
10003051
10003052
10003053
10003054
10003055
10003056
10003057
10003058
10003059
10003060
10003061
10003062
10003063
10003064
10003065
10003066
10003067
10003068
10003069
10003070
10003071
10003072
10003073
10003074
10003075
10003076
10003077
10003078
10003079
10003080
10003081
10003082
10003083
10003084
10003085
10003086
10003087
10003088
10003089
10003090
10003091
10003092
10003093
10003094
10003095
10003096
10003097
10003098
10003099
10003100
10003101
10003102
10003103
10003104
10003105
10003106
10003107
10003108
10003109
10003110
10003111
10003112
10003113
10003114
10003115
10003116
10003117
10003118
10003119
10003120
10003121
10003122
10003123
10003124
10003125
10003126
10003127
10003128
10003129
10003130
10003131
10003132
10003133
10003134
10003135
10003136
10003137
10003138
10003139
10003140
10003141
10003142
10003144
10003145
10003146
10003147
10003148
10003149
10003150
10003151
10003152
10003153
10003154
10003155
10003156
10003157
10003158
10003159
10003160
10003161
10003162
10003163
10003164
10003165
10003166
10003167
10003168
10003169
10003170
10003171
10003172
10003173
10003174
10003175
10003176
10003177
10003178
10003179
10003180
10003181
10003182
10003183
10003184
10003185
10003186
10003187
10003188
10003189
10003190
10003191
10003192
10003193
10003194
10003195
10003196
10003197
10003198
10003204
10003205
10003206
10003207
10003208
10003209
10003210
10003211
10003212
10003213
10003214
10003215
10003216
10003217
10003218
10003219
10003220
10003221
10003222
10003223
10003224
10003225
10003226
10003227
10003228
10003229
10003230
10003231
10003232
10003233
10003234
10003235
10003236
10003237
10003238
10003239
10003240
10003241
10003242
10003243
10003244
10003245
10003246
10003247
10003248
10003249
10003250
10003251
10003252
10003253
10003254
10003255
10003256
10003257
10003258
10003259
10003260
10003261
10003262
10003263
10003264
10003265
10003266
10003267
10003268
10003269
10003270
10003271
10003272
10003273
10003274
10003275
10003276
10003277
10003278
10003279
10003280
10003281
10003282
10003283
10003284
10003285
10003286
10003287
10003288
10003289
10003290
10003291
10003292
10003293
10003294
10003295
10003296
10003297
10003298
10003299
10003300
10003301
10003302
10003303
10003304
10003305
10003306
10003307
10003308
10003309
10003310
10003311
10003312
10003313
10003314
10003315
10003316
10003317
10003318
10003319
10003320
10003321
10003322
10003323
10003324
10003325
10003326
10003327
10003328
10003329
10003330
10003331
10003332
10003333
10003334
10003335
10003336
10003337
10003338
10003339
10003340
10003341
10003342
10003343
10003344
10003345
10003346
10003347
10003348
10003349
10003350
10003351
10003352
10003353
10003354
10003355
10003356
10003357
10003358
10003359
10003360
10003361
10003362
10003363
10003364
10003365
10003366
10003367
10003368
10003369
10003370
10003371
10003372
10003373
10003374
10003375
10003376
10003377
10003378
10003379
10003380
10003381
10003382
10003383
10003384
10003385
10003386
10003387
10003388
10003389
10003390
10003391
10003392
10003393
10003394
10003395
10003396
10003397
10003398
10003399
10003401
10003402
10003403
10003404
10003405
10003406
10003407
10003408
10003409
10003410
10003411
10003412
10003413
10003414
10003415
10003416
10003417
10003418
10003419
10003420
10003421
10003422
10003423
10003424
10003425
10003426
10003427
10003428
10003429
10003430
10003431
10003432
10003433
10003434
10003435
10003436
10003437
10003438
10003439
10003440
10003441
10003442
10003443
10003444
10003445
10003446
10003447
10003448
10003449
10003450
10003451
10003452
10003453
10003454
10003455
10003456
10003457
10003458
10003459
10003460
10003461
10003462
10003463
10003465
10003466
10003467
10003468
10003469
10003470
10003471
10003472
10003473
10003474
10003475
10003476
10003477
10003478
10003479
10003480
10003481
10003482
10003483
10003484
10003485
10003486
10003487
10003488
10003489
10003490
10003491
10003492
10003493
10003494
10003495
10003496
10003497
10003498
10003499
10003500
10003501
10003502
10003503
10003504
10003505
10003506
10003507
10003508
10003509
10003510
10003511
10003512
10003513
10003514
10003515
10003516
10003517
10003518
10003519
10003520
10003521
10003522
10003523
10003524
10003525
10003526
10003527
10003528
10003529
10003530
10003531
10003532
10003533
10003534
10003535
10003536
10003537
10003538
10003539
10003540
10003541
10003542
10003543
10003544
10003545
10003546
10003547
10003548
10003549
10003550
10003551
10003552
10003553
10003554
10003555
10003556
10003557
10003558
10003559
10003560
10003561
10003564
10003565
10003566
10003567
10003568
10003569
10003570
10003571
10003572
10003573
10003574
10003575
10003576
10003577
10003578
10003579
10003580
10003581
10003582
10003583
10003584
10003585
10003586
10003587
10003588
10003589
10003590
10003591
10003592
10003593
10003594
10003595
10003596
10003597
10003598
10003599
10003600
10003601
10003602
10003604
10003605
10003606
10003607
10003608
10003609
10003610
10003611
10003612
10003613
10003614
10003615
10003616
10003617
10003618
10003619
10003620
10003621
10003622
10003623
10003624
10003625
10003626
10003627
10003628
10003629
10003630
10003631
10003632
10003633
10003634
10003635
10003636
10003637
10003638
10003639
10003640
10003641
10003642
10003643
10003644
10003645
10003646
10003647
10003648
10003649
10003650
10003651
10003652
10003654
10003655
10003656
10003657
10003658
10003659
10003660
10003661
10003662
10003663
10003664
10003665
10003666
10003667
10003668
10003669
10003670
10003671
10003672
10003673
10003674
10003675
10003676
10003677
10003678
10003679
10003680
10003681
10003682
10003683
10003684
10003685
10003686
10003687
10003688
10003689
10003690
10003691
10003692
10003693
10003694
10003695
10003696
10003697
10003698
10003699
10003700
10003701
10003702
10003703
10003704
10003705
10003706
10003707
10003708
10003709
10003710
10003711
10003712
10003713
10003714
10003715
10003716
10003717
10003718
10003719
10003720
10003721
10003722
10003723
10003724
10003725
10003726
10003727
10003728
10003729
10003730
10003731
10003732
10003733
10003739
10003740
10003741
10003742
10003743
10003744
10003745
10003746
10003747
10003748
10003749
10003750
10003751
10003752
10003753
10003754
10003755
10003756
10003757
10003758
10003759
10003760
10003761
10003762
10003763
10003764
10003765
10003766
10003767
10003768
10003769
10003770
10003771
10003772
10003773
10003774
10003775
10003776
10003777
10003778
10003779
10003780
10003781
10003782
10003783
10003784
10003785
10003786
10003787
10003788
10003789
10003790
10003791
10003792
10003793
10003794
10003795
10003796
10003797
10003798
10003799
10003800
10003801
10003802
10003803
10003804
10003805
10003806
10003807
10003808
10003810
10003811
10003812
10003813
10003814
10003815
10003816
10003817
10003818
10003819
10003820
10003821
10003822
10003823
10003824
10003825
10003826
10003827
10003828
10003829
10003830
10003831
10003832
10003833
10003834
10003835
10003836
10003837
10003838
10003839
10003840
10003841
10003842
10003843
10003844
10003845
10003846
10003847
10003848
10003849
10003850
10003851
10003852
10003853
10003854
10003855
10003856
10003857
10003858
10003859
10003860
10003861
10003862
10003863
10003864
10003865
10003866
10003867
10003868
10003869
10003870
10003871
10003872
10003873
10003874
10003875
10003876
10003877
10003878
10003879
10003880
10003881
10003882
10003883
10003884
10003885
10003886
10003887
10003888
10003889
10003890
10003891
10003892
10003893
10003894
10003895
10003896
10003897
10003898
10003899
10003900
10003901
10003902
10003903
10003904
10003905
10003906
10003907
10003908
10003909
10003910
10003911
10003912
10003913
10003914
10003915
10003916
10003917
10003918
10003919
10003920
10003921
10003922
10003923
10003924
10003925
10003926
10003927
10003928
10003929
10003930
10003931
10003932
10003933
10003934
10003935
10003937
10003938
10003939
10003940
10003941
10003942
10003943
10003944
10003945
10003946
10003947
10003948
10003949
10003950
10003951
10003952
10003953
10003954
10003955
10003956
10003957
10003958
10003959
10003960
10003961
10003962
10003963
10003964
10003965
10003966
10003967
10003968
10003969
10003970
10003971
10003972
10003973
10003974
10003975
10003976
10003977
10003978
10003979
10003980
10003981
10003982
10003983
10003984
10003985
10003986
10003987
10003988
10003989
10003990
10003991
10003992
10003993
10003994
10003995
10003996
10003997
10003998
10003999
10004000
10004001
10004002
10004003
10004004
10004005
10004006
10004007
10004008
10004009
10004010
10004011
10004012
10004013
10004014
10004015
10004016
10004017
10004018
10004019
10004020
10004021
10004022
10004023
10004024
10004025
10004026
10004027
10004028
10004029
10004030
10004031
10004032
10004033
10004034
10004035
10004036
10004037
10004038
10004039
10004040
10004041
10004042
10004043
10004044
10004045
10004046
10004047
10004048
10004049
10004050
10004051
10004052
10004053
10004054
10004055
10004056
10004057
10004058
10004059
10004060
10004061
10004062
10004063
10004064
10004065
10004066
10004067
10004068
10004069
10004070
10004071
10004072
10004073
10004074
10004075
10004076
10004077
10004078
10004079
10004080
10004081
10004082
10004083
10004084
10004085
10004086
10004087
10004088
10004089
10004090
10004091
10004092
10004093
10004094
10004095
10004096
10004097
10004098
10004099
10004100
10004101
10004102
10004103
10004104
10004105
10004106
10004107
10004108
10004109
10004110
10004111
10004112
10004113
10004114
10004115
10004116
10004117
10004118
10004119
10004120
10004121
10004122
10004123
10004124
10004125
10004126
10004127
10004128
10004129
10004130
10004131
10004132
10004133
10004134
10004135
10004136
10004137
10004138
10004139
10004140
10004141
10004142
10004143
10004144
10004145
10004146
10004147
10004148
10004149
10004150
10004151
10004152
10004153
10004154
10004155
10004156
10004157
10004158
10004159
10004160
10004161
10004162
10004163
10004164
10004165
10004166
10004167
10004168
10004169
10004170
10004171
10004172
10004173
10004174
10004175
10004176
10004177
10004178
10004179
10004180
10004181
10004182
10004183
10004184
10004185
10004186
10004187
10004188
10004189
10004190
10004191
10004192
10004193
10004194
10004195
10004196
10004197
10004198
10004199
10004202
10004203
10004204
10004205
10004206
10004207
10004208
10004209
10004210
10004211
10004212
10004213
10004214
10004215
10004216
10004217
10004218
10004219
10004220
10004221
10004222
10004223
10004224
10004225
10004226
10004227
10004228
10004229
10004230
10004231
10004232
10004233
10004234
10004235
10004236
10004237
10004238
10004239
10004240
10004243
10004244
10004245
10004246
10004247
10004248
10004249
10004250
10004251
10004252
10004253
10004254
10004255
10004256
10004257
10004258
10004259
10004260
10004261
10004262
10004263
10004264
10004265
10004266
10004267
10004268
10004269
10004270
10004271
10004272
10004273
10004274
10004275
10004277
10004278
10004279
10004280
10004281
10004282
10004283
10004284
10004285
10004286
10004287
10004288
10004289
10004290
10004291
10004292
10004293
10004294
10004295
10004296
10004297
10004299
10004300
10004301
10004302
10004303
10004304
10004305
10004306
10004307
10004308
10004309
10004310
10004311
10004312
10004313
10004314
10004315
10004316
10004317
10004318
10004319
10004320
10004321
10004322
10004323
10004324
10004325
10004326
10004327
10004328
10004329
10004330
10004331
10004332
10004333
10004334
10004335
10004336
10004337
10004338
10004339
10004340
10004341
10004342
10004343
10004344
10004345
10004346
10004347
10004348
10004349
10004350
10004351
10004352
10004353
10004354
10004355
10004356
10004357
10004358
10004359
10004360
10004361
10004362
10004363
10004364
10004365
10004366
10004367
10004368
10004369
10004370
10004371
10004372
10004373
10004374
10004375
10004376
10004377
10004378
10004379
10004380
10004381
10004382
10004383
10004384
10004385
10004386
10004387
10004388
10004389
10004390
10004391
10004392
10004393
10004394
10004395
10004396
10004397
10004398
10004399
10004400
10004401
10004402
10004403
10004404
10004405
10004406
10004407
10004409
10004410
10004411
10004412
10004413
10004414
10004415
10004416
10004417
10004418
10004419
10004420
10004421
10004422
10004423
10004424
10004425
10004426
10004427
10004428
10004429
10004430
10004431
10004432
10004433
10004434
10004435
10004436
10004437
10004438
10004439
10004440
10004441
10004442
10004443
10004444
10004445
10004446
10004447
10004448
10004449
10004450
10004451
10004452
10004453
10004454
10004455
10004456
10004457
10004458
10004459
10004460
10004461
10004462
10004463
10004464
10004465
10004466
10004467
10004468
10004469
10004470
10004471
10004472
10004473
10004474
10004475
10004476
10004477
10004478
10004479
10004480
10004481
10004482
10004483
10004484
10004485
10004486
10004487
10004488
10004489
10004490
10004491
10004492
10004493
10004494
10004495
10004496
10004497
10004498
10004499
10004500
10004501
10004502
10004503
10004504
10004505
10004506
10004507
10004508
10004509
10004510
10004511
10004512
10004513
10004514
10004515
10004516
10004517
10004518
10004519
10004520
10004521
10004522
10004523
10004524
10004525
10004526
10004527
10004528
10004529
10004530
10004531
10004532
10004533
10004534
10004535
10004536
10004537
10004538
10004539
10004540
10004541
10004542
10004543
10004544
10004545
10004546
10004547
10004548
10004549
10004550
10004551
10004552
10004553
10004554
10004555
10004556
10004557
10004558
10004559
10004560
10004561
10004562
10004563
10004564
10004565
10004566
10004567
10004568
10004569
10004570
10004571
10004572
10004573
10004574
10004575
10004576
10004577
10004578
10004579
10004580
10004585
10004586
10004587
10004588
10004589
10004590
10004591
10004592
10004593
10004594
10004595
10004596
10004597
10004598
10004599
10004600
10004601
10004602
10004603
10004604
10004605
10004606
